"","GENE","FREQUENCY"
"1","AC058791.1",1
"2","AREG",1
"3","ARRDC3",1
"4","ATP1B1",1
"5","B4GALT1",1
"6","C6orf62",1
"7","CALML5",1
"8","CBX6",1
"9","CCS",1
"10","CNOT9",1
"11","CTNNB1",1
"12","DNAJC3",1
"13","DOCK5",1
"14","EIF5A",1
"15","FKBP9",1
"16","GAN",1
"17","GOLIM4",1
"18","GPRC5A",1
"19","GRHL2",1
"20","HNRNPH1",1
"21","HNRNPL",1
"22","HSPA5",1
"23","HSPB1",1
"24","IFI6",1
"25","IGFBP5",1
"26","IMMP1L",1
"27","INSR",1
"28","IRF2BPL",1
"29","IRX3",1
"30","JUN",1
"31","KRT14",1
"32","KRT17",1
"33","KRT81",1
"34","LEMD1",1
"35","LETM1",1
"36","LINC02095",1
"37","LYSMD1",1
"38","MDM4",1
"39","MGP",1
"40","MT1X",1
"41","MT2A",1
"42","NDRG1",1
"43","NEBL",1
"44","NUP155",1
"45","NUPR1",1
"46","PAFAH1B1",1
"47","PAQR7",1
"48","PCMTD1",1
"49","PDGFA",1
"50","PI3",1
"51","PPP1CB",1
"52","RASGEF1B",1
"53","RBM6",1
"54","S100A2",1
"55","S100A4",1
"56","SAA1",1
"57","SAT1",1
"58","SDC4",1
"59","SEC22B",1
"60","SET",1
"61","SETD5",1
"62","SKIL",1
"63","SOX4",1
"64","SOX9-AS1",1
"65","SRSF6",1
"66","STK17B",1
"67","TFAP2C",1
"68","TLK1",1
"69","TMED4",1
"70","TOB1",1
"71","TOR1AIP2",1
"72","TP53",1
"73","TRA2A",1
"74","WDR43",1
"75","WFDC21P",1
"76","WTAP",1
"77","YWHAE",1
"78","ZC3H4",1
"79","ZNF462",1
"80","ZNF557",1
"81","ARL2",0.999
"82","RNF144B",0.999
"83","RREB1",0.999
"84","EGR1",0.998
"85","GADD45B",0.997
"86","MXD1",0.997
"87","SIRT2",0.996
"88","AFMID",0.994
"89","AHSA1",0.993
"90","CAPZA1",0.993
"91","PADI2",0.993
"92","ETNK1",0.991
"93","MPRIP-AS1",0.991
"94","ID1",0.99
"95","MED21",0.989
"96","MGEA5",0.989
"97","HSPA1A",0.988
"98","TSPYL1",0.987
"99","NFIB",0.986
"100","PARD6B",0.986
"101","CSNK1A1",0.985
"102","FTL",0.983
"103","CHP1",0.982
"104","SLC26A2",0.982
"105","LPIN3",0.981
"106","PER2",0.981
"107","AC034213.1",0.979
"108","MT1G",0.979
"109","PDS5B",0.977
"110","EMC10",0.975
"111","ENAH",0.974
"112","TMEM159",0.974
"113","DNAJB1",0.97
"114","BLCAP",0.961
"115","NCK1",0.96
"116","RAP2B",0.96
"117","ANKRD10",0.958
"118","R3HDM2",0.956
"119","EIF2S3",0.954
"120","CTTN",0.953
"121","DDX18",0.953
"122","RAB13",0.951
"123","SCRG1",0.946
"124","ZNF428",0.946
"125","AC020916.1",0.941
"126","ARPC4",0.941
"127","ZFP36L2",0.941
"128","AEBP2",0.94
"129","RPL22L1",0.94
"130","SRPRB",0.94
"131","CNN3",0.939
"132","CCT8",0.938
"133","EGLN3",0.938
"134","LURAP1L",0.937
"135","SAR1A",0.933
"136","PSMC3",0.931
"137","HSP90AA1",0.929
"138","HILPDA",0.926
"139","AC004520.1",0.925
"140","LARP4B",0.925
"141","C19orf12",0.921
"142","CFAP36",0.918
"143","GAPDHP40",0.918
"144","MAL2",0.918
"145","MED28",0.915
"146","GNG5",0.911
"147","STT3A",0.911
"148","BNIP3",0.909
"149","FLCN",0.908
"150","FOS",0.908
"151","AKAP13",0.907
"152","TPD52L1",0.907
"153","MT-RNR1",0.905
"154","RAP1GDS1",0.905
"155","FBXO32",0.904
"156","EXOSC4",0.902
"157","FOSL2",0.901
"158","COPB2",0.899
"159","NBDY",0.897
"160","ITGB8",0.896
"161","ATP5S",0.89
"162","NR1D2",0.889
"163","CAPS",0.888
"164","CHRAC1",0.888
"165","KDM4B",0.886
"166","TIMM29",0.886
"167","ARID5B",0.884
"168","COX6A1",0.884
"169","MIR4435-2HG",0.88
"170","MPST",0.88
"171","P4HA1",0.879
"172","PPP3CA",0.875
"173","CHCHD1",0.874
"174","FAAP20",0.874
"175","SLC25A4",0.874
"176","TIMM8A",0.873
"177","CRACR2B",0.871
"178","DCUN1D1",0.871
"179","APOD",0.869
"180","CLK1",0.869
"181","PSIP1",0.869
"182","AL049873.1",0.867
"183","DAAM1",0.865
"184","CRIPT",0.864
"185","TANK",0.863
"186","EGR3",0.862
"187","TIMP1",0.862
"188","CCDC85B",0.86
"189","ZFAND2A",0.859
"190","TRIAP1",0.856
"191","C2orf68",0.851
"192","CSTB",0.851
"193","AC004453.1",0.85
"194","DTYMK",0.85
"195","HLA-A",0.85
"196","KLF4",0.85
"197","COX17",0.848
"198","NDUFS5",0.848
"199","NUDCD3",0.847
"200","DUSP1",0.846
"201","FNTA",0.845
"202","MTPAP",0.845
"203","NARS",0.845
"204","TTC39C",0.841
"205","HIST1H1C",0.839
"206","AIMP1",0.835
"207","SPATA13",0.833
"208","FAM136A",0.831
"209","RHOB",0.83
"210","ZMYND11",0.83
"211","COA4",0.828
"212","CEBPZ",0.827
"213","MAPK1IP1L",0.827
"214","DMAC1",0.824
"215","DUXAP10",0.824
"216","PSMB3",0.82
"217","TNRC6B",0.819
"218","PAN3",0.817
"219","HES4",0.816
"220","MT-RNR2",0.815
"221","PPP2R5C",0.813
"222","PRR13",0.812
"223","SMCO4",0.811
"224","NDUFC1",0.81
"225","COL2A1",0.809
"226","WFDC2",0.809
"227","CAPN2",0.808
"228","NOP16",0.808
"229","SYNJ2BP",0.807
"230","GNB1",0.806
"231","CSRNP1",0.805
"232","OSBP",0.805
"233","SRRM1",0.805
"234","SH3RF1",0.804
"235","WDR46",0.804
"236","S100P",0.803
"237","GMPS",0.802
"238","GOLGA3",0.802
"239","AC078814.1",0.801
"240","GCFC2",0.8
"241","YY1",0.8
"242","FEZ2",0.799
"243","EFNA5",0.798
"244","PDCD4",0.797
"245","PAFAH1B2",0.796
"246","FAM60A",0.794
"247","CBX1",0.793
"248","EBP",0.793
"249","PLEKHA3",0.793
"250","TMEM70",0.792
"251","NSUN6",0.791
"252","RIDA",0.79
"253","MESD",0.789
"254","GAS2L1",0.788
"255","LY6G6C",0.788
"256","NDUFA12",0.788
"257","ZNF546",0.787
"258","NUDT19",0.784
"259","RB1CC1",0.784
"260","ANP32A",0.782
"261","NOP58",0.782
"262","STAG2",0.781
"263","EPHB3",0.78
"264","RIN2",0.779
"265","SRP72",0.779
"266","ARFGEF2",0.777
"267","CSTF1",0.777
"268","TSTD1",0.777
"269","AMFR",0.776
"270","HERPUD1",0.776
"271","MAGOHB",0.776
"272","PATJ",0.776
"273","RP9P",0.776
"274","CENPX",0.775
"275","EFNA1",0.774
"276","GIPC1",0.774
"277","C8orf33",0.772
"278","SMU1",0.772
"279","AGPAT5",0.77
"280","SNRPA1",0.77
"281","TOX4",0.77
"282","CENPW",0.769
"283","RSRC1",0.769
"284","MIER1",0.767
"285","MFN1",0.766
"286","CASC4",0.765
"287","GTF3C6",0.765
"288","JUND",0.764
"289","RPS10",0.764
"290","VMP1",0.761
"291","KIAA0907",0.76
"292","SENP5",0.759
"293","THBS1",0.759
"294","RAB1A",0.757
"295","SWI5",0.757
"296","THOC7",0.756
"297","FABP3",0.754
"298","NT5DC3",0.754
"299","FBLN2",0.752
"300","TIMP3",0.752
"301","MLEC",0.751
"302","CLDN3",0.75
"303","MGST1",0.75
"304","NIT2",0.75
"305","SPRYD7",0.75
"306","AK3",0.749
"307","SNRPD2",0.749
"308","TBX3",0.749
"309","RABGAP1",0.748
"310","SEL1L",0.748
"311","FNDC3B",0.747
"312","PSMD1",0.747
"313","SLK",0.746
"314","MYC",0.744
"315","TUBB2A",0.744
"316","ACTR6",0.743
"317","ERP29",0.743
"318","OSGIN2",0.743
"319","GPATCH4",0.742
"320","CDC40",0.738
"321","FAM168B",0.737
"322","ZC3H15",0.737
"323","CCSER2",0.735
"324","GTF2F1",0.735
"325","RPS2P55",0.735
"326","STX5",0.735
"327","TULP4",0.735
"328","SREK1IP1",0.733
"329","ARHGAP21",0.731
"330","GTF3C5",0.73
"331","PEA15",0.729
"332","ARPC5",0.727
"333","DDIT3",0.727
"334","DNMT1",0.727
"335","SIKE1",0.727
"336","CDC42SE1",0.726
"337","PTGES3",0.725
"338","TMF1",0.725
"339","LGALSL",0.724
"340","PRKAR2B",0.724
"341","AC022150.4",0.723
"342","EIF6",0.723
"343","HTATSF1",0.723
"344","MRPL43",0.723
"345","AC097523.1",0.722
"346","MRPL33",0.722
"347","C6orf15",0.721
"348","DHRS3",0.721
"349","SERTAD4-AS1",0.719
"350","PDCD10",0.718
"351","S1PR2",0.717
"352","PIP4K2A",0.716
"353","RCAN1",0.716
"354","ZNF83",0.714
"355","AARD",0.713
"356","RTL8A",0.712
"357","C3orf14",0.71
"358","HOOK2",0.707
"359","TALDO1",0.706
"360","RFC1",0.705
"361","ZNF330",0.705
"362","TBL1XR1",0.702
"363","PDHB",0.701
"364","COASY",0.7
"365","FAM162A",0.7
"366","RBM39",0.7
"367","BROX",0.699
"368","C1orf174",0.698
"369","ZFX",0.698
"370","DNMT3A",0.697
"371","NT5C",0.697
"372","PSMG3",0.697
"373","HSPA1B",0.696
"374","EIF2S1",0.695
"375","NOB1",0.695
"376","PRELID3B",0.695
"377","NDUFV3",0.694
"378","CALM1",0.693
"379","AC027031.2",0.692
"380","XPA",0.692
"381","AP3D1",0.691
"382","NINJ2",0.691
"383","RPL24P4",0.69
"384","AC104563.1",0.689
"385","FAM50A",0.688
"386","SNRPF",0.688
"387","RPS27L",0.687
"388","IGFL2-AS1",0.685
"389","CT83",0.684
"390","AC078817.1",0.683
"391","AC074033.1",0.682
"392","RAP2C",0.682
"393","ZBTB8OS",0.682
"394","APOOL",0.681
"395","EPPK1",0.681
"396","PIM2",0.681
"397","RTFDC1",0.681
"398","AC034236.1",0.68
"399","C6orf141",0.678
"400","GPX7",0.678
"401","SEPT7",0.677
"402","SLC30A7",0.677
"403","CMC2",0.675
"404","HIST1H2AC",0.675
"405","CBWD1",0.673
"406","MAD1L1",0.673
"407","PHGDH",0.673
"408","PHLDA2",0.672
"409","WEE1",0.671
"410","ZNF121",0.67
"411","ACAP2",0.669
"412","ACYP2",0.668
"413","THUMPD3",0.668
"414","SNX17",0.666
"415","FAM76A",0.665
"416","GPAA1",0.665
"417","KLK10",0.665
"418","PAPSS1",0.665
"419","SMARCA5",0.665
"420","STRN3",0.665
"421","FMR1",0.664
"422","TSC22D1",0.664
"423","DECR1",0.663
"424","LMO4",0.662
"425","TBPL1",0.662
"426","AC092171.5",0.661
"427","MIR22HG",0.66
"428","CCT7",0.659
"429","CINP",0.659
"430","SAA2",0.658
"431","SLC39A1",0.658
"432","NABP1",0.657
"433","SMARCA2",0.656
"434","KLF6",0.655
"435","CAVIN1",0.654
"436","RPL41P2",0.654
"437","ARGLU1",0.653
"438","DICER1-AS1",0.653
"439","AK2",0.652
"440","SON",0.652
"441","COPG1",0.651
"442","LUC7L3",0.651
"443","THRAP3",0.647
"444","CCDC58",0.646
"445","SARAF",0.646
"446","IK",0.645
"447","RPL7P32",0.645
"448","RPP38",0.645
"449","LAGE3",0.643
"450","FBXO22",0.641
"451","KRT15",0.641
"452","PPIL3",0.641
"453","SPIN1",0.641
"454","SERBP1",0.64
"455","ZNF12",0.64
"456","KMT5A",0.639
"457","FYTTD1",0.638
"458","IFI27",0.638
"459","EML4",0.637
"460","NDUFB4P12",0.637
"461","B9D1",0.636
"462","SRSF2",0.636
"463","ACBD6",0.635
"464","HKR1",0.635
"465","PMS2P1",0.635
"466","GRAMD1A",0.634
"467","MCTS1",0.634
"468","NMB",0.634
"469","RNASEK",0.634
"470","BLOC1S3",0.633
"471","AC103706.1",0.631
"472","CLIC3",0.629
"473","HERPUD2",0.629
"474","AL035071.1",0.628
"475","TCEAL9",0.628
"476","IFT43",0.627
"477","MIR100HG",0.627
"478","BCAS2",0.626
"479","MITD1",0.625
"480","PMF1",0.625
"481","SNRPGP10",0.625
"482","SRSF3",0.625
"483","AC073896.2",0.624
"484","CTBP1",0.624
"485","GNL3",0.623
"486","CLINT1",0.622
"487","TERF2IP",0.622
"488","ZNF358",0.621
"489","ZNF562",0.62
"490","MAFB",0.619
"491","ZNF780B",0.619
"492","EIF5AL1",0.618
"493","TNPO1",0.618
"494","NDUFA1",0.617
"495","CCT2",0.616
"496","POLDIP2",0.616
"497","CALM3",0.615
"498","EIF1AD",0.615
"499","GMPPA",0.614
"500","RRP15",0.614
"501","ZDHHC16",0.614
"502","CALR",0.613
"503","NUCKS1",0.613
"504","ORC2",0.613
"505","CD59",0.612
"506","CNPY2",0.612
"507","FGFBP2",0.61
"508","MED19",0.61
"509","MRPL9",0.61
"510","FAM229B",0.609
"511","MXD4",0.609
"512","SDF2L1",0.609
"513","TMEM263",0.609
"514","GABPB1-AS1",0.608
"515","IP6K2",0.608
"516","YAF2",0.608
"517","C19orf48",0.607
"518","PPP1R35",0.607
"519","ZNF622",0.607
"520","CCDC186",0.606
"521","DIS3",0.606
"522","SERPINE2",0.605
"523","DYNC1LI1",0.604
"524","MYLK",0.604
"525","PLIN2",0.604
"526","PSD4",0.604
"527","HSP90AB1",0.603
"528","RBL1",0.603
"529","TJP2",0.603
"530","ZNHIT1",0.603
"531","ODC1",0.601
"532","SOD2",0.6
"533","TRPS1",0.6
"534","VGLL1",0.599
"535","ALKBH2",0.598
"536","BZW1",0.598
"537","OXR1",0.598
"538","RBM4",0.598
"539","SLC25A39",0.598
"540","TSC22D3",0.598
"541","RPL21P28",0.597
"542","TCTEX1D2",0.597
"543","MMADHC",0.596
"544","SF1",0.596
"545","SKA2",0.596
"546","SNX3",0.595
"547","CKB",0.594
"548","HLA-B",0.594
"549","PKP1",0.594
"550","SH3BGRL3",0.594
"551","TIGAR",0.594
"552","PAF1",0.593
"553","HSPB11",0.592
"554","NORAD",0.592
"555","CCNL2",0.591
"556","AC107075.1",0.59
"557","CXADR",0.587
"558","AL121832.2",0.586
"559","ZNF738",0.586
"560","YAE1D1",0.585
"561","FAM110A",0.584
"562","PAICS",0.584
"563","DDX24",0.583
"564","GLRX",0.583
"565","METTL9",0.583
"566","GSPT1",0.582
"567","CALD1",0.581
"568","CRYAB",0.581
"569","DHX15",0.581
"570","RPL5P34",0.581
"571","RRNAD1",0.58
"572","EIF3D",0.579
"573","FAM32A",0.579
"574","ATMIN",0.578
"575","CCDC82",0.578
"576","S100B",0.578
"577","SEPT9",0.578
"578","AC004448.1",0.577
"579","AC097263.1",0.577
"580","TMA7",0.576
"581","NAB1",0.575
"582","TDG",0.575
"583","FARSA",0.574
"584","NDUFB1",0.574
"585","MRPL12",0.573
"586","CMSS1",0.572
"587","JPT1",0.572
"588","RPL34P18",0.572
"589","ANXA2",0.571
"590","AP003385.3",0.571
"591","ARMC6",0.571
"592","DNTTIP1",0.571
"593","PPP4R3B",0.571
"594","TP53RK",0.571
"595","CNIH1",0.57
"596","COMMD4",0.57
"597","ECH1",0.57
"598","HEBP1",0.57
"599","MRPS9",0.57
"600","CHCHD7",0.569
"601","CHMP1B",0.569
"602","TNFRSF12A",0.569
"603","ACAT1",0.568
"604","NEDD8",0.568
"605","PCBD1",0.568
"606","SSR3",0.568
"607","ZBED5-AS1",0.568
"608","GLS",0.566
"609","COX7B",0.564
"610","IGFBP3",0.564
"611","KIF1C",0.564
"612","LGALS7B",0.564
"613","TRIP12",0.564
"614","MRRF",0.563
"615","RPS5P2",0.562
"616","YAP1",0.562
"617","RHOA",0.561
"618","TFPT",0.561
"619","CCDC51",0.56
"620","MRPL16",0.56
"621","MTFR1",0.56
"622","NSRP1",0.56
"623","PFDN2",0.56
"624","AC245060.4",0.559
"625","GRSF1",0.559
"626","LINC00663",0.559
"627","AC103702.2",0.558
"628","ID2",0.558
"629","ILKAP",0.558
"630","MKRN1",0.557
"631","SEM1",0.557
"632","SNRPD3",0.557
"633","TPM4",0.557
"634","SLC7A5",0.556
"635","TMEM41B",0.555
"636","CCT6A",0.554
"637","IRF6",0.554
"638","RBM8A",0.554
"639","SEPT7P2",0.554
"640","CMTM8",0.553
"641","DDX6",0.553
"642","GTPBP4",0.553
"643","PNKD",0.553
"644","PSMG4",0.553
"645","BHLHE40",0.552
"646","DYNLL1",0.552
"647","CSNK2A2",0.551
"648","LRRC41",0.551
"649","NCL",0.551
"650","RPL32P3",0.551
"651","EEF1A1P5",0.55
"652","NIPSNAP2",0.55
"653","DCTN6",0.549
"654","MRPS10",0.549
"655","PIN1",0.549
"656","TGS1",0.549
"657","BRI3",0.548
"658","PSMC2",0.548
"659","TIAL1",0.548
"660","GPNMB",0.547
"661","RDH10",0.547
"662","RPL15P3",0.547
"663","BRWD1",0.546
"664","CYSTM1",0.546
"665","MRPS5",0.546
"666","PRPF4B",0.545
"667","QPCT",0.545
"668","TRAPPC2",0.544
"669","ZCCHC7",0.544
"670","ABL2",0.543
"671","EMC9",0.543
"672","GPR12",0.543
"673","LSM7",0.543
"674","SUGT1",0.543
"675","COTL1",0.542
"676","TRIP10",0.54
"677","EMC2",0.539
"678","IFI27L1",0.539
"679","PCYT1A",0.539
"680","SMAP1",0.539
"681","COPB1",0.538
"682","STX4",0.538
"683","CH17-340M24.3",0.536
"684","MFF",0.535
"685","RSBN1L",0.534
"686","SRPRA",0.534
"687","NT5C3A",0.533
"688","NUTM2A-AS1",0.533
"689","SCARB2",0.533
"690","SNHG17",0.533
"691","TIMM50",0.533
"692","NF2",0.531
"693","DCTPP1",0.53
"694","FUBP1",0.53
"695","OSER1",0.53
"696","PRPS2",0.53
"697","AL121944.1",0.529
"698","MPP6",0.529
"699","ACOX1",0.528
"700","RSL1D1",0.528
"701","SNHG19",0.528
"702","ATPAF1",0.527
"703","ZC3H13",0.527
"704","AP3S1",0.526
"705","CHORDC1",0.526
"706","MFGE8",0.526
"707","REEP3",0.526
"708","PLXNA3",0.525
"709","BLVRB",0.524
"710","LSM5",0.523
"711","PIGX",0.523
"712","SPTAN1",0.523
"713","EIF3B",0.522
"714","EPB41L4A-AS1",0.521
"715","STARD7",0.521
"716","CARMIL1",0.52
"717","RBBP5",0.52
"718","SBNO1",0.52
"719","SLC25A37",0.52
"720","RNU6-946P",0.518
"721","AAED1",0.517
"722","IGFBP7",0.517
"723","LDHA",0.517
"724","NCK2",0.517
"725","CAT",0.516
"726","GRINA",0.516
"727","KDM5A",0.516
"728","MAP3K13",0.516
"729","PSENEN",0.516
"730","PCNP",0.514
"731","ANXA11",0.513
"732","FAM207A",0.513
"733","CCNY",0.512
"734","COLGALT1",0.512
"735","COMMD5",0.512
"736","GTPBP3",0.512
"737","OXCT1",0.512
"738","PYM1",0.512
"739","SETX",0.512
"740","SVIL-AS1",0.512
"741","ELK4",0.51
"742","MORC4",0.51
"743","PHF20",0.51
"744","RMND5A",0.51
"745","THUMPD1",0.51
"746","ADNP",0.509
"747","CCNC",0.509
"748","CTNNA1",0.509
"749","IFT22",0.509
"750","NDUFA6",0.509
"751","AAMP",0.507
"752","LONP2",0.507
"753","RAB24",0.507
"754","CCDC12",0.506
"755","FAM204A",0.505
"756","HMGN3",0.505
"757","IER2",0.505
"758","PPME1",0.505
"759","SRP54",0.505
"760","CLDN4",0.504
"761","CPM",0.504
"762","WBP2",0.504
"763","AGO3",0.503
"764","CAVIN3",0.503
"765","MAPKAPK5",0.503
"766","TJP1",0.503
"767","HBS1L",0.501
"768","PSMB2",0.501
"769","RPL23AP65",0.501
"770","EHMT1",0.5
"771","CAND1",0.499
"772","H3F3AP4",0.499
"773","ISOC2",0.499
"774","MTFMT",0.499
"775","SLC30A5",0.499
"776","WDR83OS",0.499
"777","ANKRD54",0.498
"778","ATP9A",0.498
"779","FAM174A",0.498
"780","MAPKAPK5-AS1",0.498
"781","PTK2",0.498
"782","RPS24P8",0.498
"783","CAV2",0.497
"784","SSR4",0.497
"785","ERICH1",0.496
"786","ETF1",0.496
"787","LTA4H",0.496
"788","PPIC",0.496
"789","STMN1",0.496
"790","TRAPPC6A",0.496
"791","ASAH1",0.495
"792","C1orf52",0.495
"793","RPL21P75",0.495
"794","RPL35P5",0.495
"795","ZNF292",0.495
"796","FUNDC2",0.494
"797","MT2P1",0.494
"798","TPD52",0.494
"799","AKR7A2",0.493
"800","ASF1A",0.493
"801","AVPI1",0.493
"802","COA5",0.493
"803","COPRS",0.493
"804","APCDD1",0.492
"805","ATP6V0D1",0.492
"806","BTG3",0.492
"807","C20orf27",0.492
"808","CCDC14",0.492
"809","EIF2A",0.492
"810","ELOF1",0.492
"811","HNRNPH3",0.492
"812","OR7E38P",0.492
"813","PTGR1",0.492
"814","RYBP",0.492
"815","TMEM87A",0.492
"816","TTYH1",0.492
"817","LINC01578",0.491
"818","PSMD14",0.491
"819","RFC4",0.491
"820","INTS10",0.49
"821","LATS2",0.49
"822","AC099336.2",0.489
"823","CASC8",0.489
"824","MPC1",0.489
"825","SEC11C",0.489
"826","SSB",0.489
"827","AC096919.1",0.488
"828","BCKDK",0.487
"829","INTS11",0.487
"830","RPS3AP5",0.487
"831","MRPL27",0.486
"832","SHARPIN",0.486
"833","STX16",0.486
"834","ABT1",0.485
"835","PCDHGA10",0.485
"836","RASA2",0.485
"837","RBM28",0.485
"838","AP006259.1",0.484
"839","APOO",0.484
"840","CYTOR",0.484
"841","GID8",0.484
"842","KRT19",0.484
"843","NBEAL1",0.484
"844","SELENOF",0.484
"845","SLX4IP",0.484
"846","TLE3",0.484
"847","TUBG1",0.484
"848","ZMPSTE24",0.484
"849","AQP5",0.483
"850","C6orf226",0.483
"851","ESF1",0.483
"852","FBXO27",0.483
"853","HK2",0.483
"854","ING2",0.483
"855","LARP1",0.483
"856","MTMR12",0.483
"857","NUP93",0.483
"858","OXSR1",0.483
"859","PLA2G12A",0.483
"860","RPE",0.483
"861","SLC30A9",0.483
"862","SURF1",0.483
"863","AL034417.2",0.482
"864","EDN1",0.482
"865","GNAQ",0.482
"866","NINJ1",0.482
"867","POLD2",0.482
"868","VHL",0.482
"869","CASP2",0.481
"870","CCDC6",0.481
"871","CLOCK",0.481
"872","MYL12A",0.481
"873","MZT1",0.481
"874","PPP3R1",0.481
"875","AMZ2",0.48
"876","ANKRD12",0.48
"877","ATP11B",0.48
"878","CCNL1",0.48
"879","GLB1",0.48
"880","MSL3",0.48
"881","MSMO1",0.48
"882","PTP4A2",0.48
"883","SNAP47",0.48
"884","TMEM33",0.48
"885","CHCHD4",0.479
"886","JAK1",0.479
"887","PHC3",0.479
"888","PTEN",0.479
"889","RNF113A",0.479
"890","SURF6",0.479
"891","TOP1",0.479
"892","AP003108.4",0.478
"893","APEX2",0.478
"894","C7orf50",0.478
"895","COX6C",0.478
"896","KRT18",0.478
"897","MCRS1",0.478
"898","NIF3L1",0.478
"899","QPRT",0.478
"900","YIPF3",0.478
"901","BTG1",0.477
"902","FNDC3A",0.477
"903","KLHL7",0.477
"904","NKTR",0.477
"905","PBDC1",0.477
"906","RNF126",0.477
"907","S100A13",0.477
"908","SLC35E1",0.477
"909","SLC4A7",0.477
"910","SNHG16",0.477
"911","SNRPB2",0.477
"912","TCEA1P2",0.477
"913","ARIH1",0.476
"914","CHCHD3",0.476
"915","ECHDC3",0.476
"916","ESRP1",0.476
"917","P4HB",0.476
"918","PDLIM2",0.476
"919","AIF1L",0.475
"920","BAZ1B",0.475
"921","C12orf10",0.475
"922","DCAF6",0.475
"923","SMC3",0.475
"924","SPATS2L",0.475
"925","BAG4",0.474
"926","CLCN3",0.474
"927","MRPS23",0.474
"928","PFDN5",0.474
"929","TAF1D",0.474
"930","TMEM248",0.474
"931","FAM92A",0.473
"932","SNX6",0.473
"933","TUBA1A",0.473
"934","DGCR6L",0.472
"935","MRPS36",0.472
"936","MZT2A",0.472
"937","SRRM2",0.472
"938","SSRP1",0.472
"939","TM4SF1",0.472
"940","WDR12",0.472
"941","AC093768.1",0.471
"942","GBE1",0.471
"943","SAMM50",0.471
"944","CHMP2A",0.47
"945","GON4L",0.47
"946","IARS",0.47
"947","NCKAP1",0.47
"948","PWP1",0.47
"949","RPL35P1",0.47
"950","SLC2A1",0.47
"951","ZNRD1",0.47
"952","MLLT3",0.469
"953","EML3",0.468
"954","IFNGR2",0.468
"955","PTPN14",0.468
"956","GNB2",0.467
"957","REST",0.467
"958","C11orf24",0.466
"959","CPNE1",0.466
"960","DCAF10",0.466
"961","KLHL42",0.466
"962","MAGT1",0.466
"963","NR2F6",0.466
"964","NT5C3B",0.466
"965","OGFRL1",0.466
"966","PET117",0.466
"967","PLAA",0.466
"968","SLC25A1",0.466
"969","SLC7A1",0.466
"970","TMEM18",0.466
"971","RPS3AP25",0.465
"972","AC027309.2",0.464
"973","HIBADH",0.464
"974","LY6E",0.464
"975","NUFIP2",0.464
"976","SNRPE",0.464
"977","DAP",0.463
"978","NF1",0.463
"979","PQLC2L",0.463
"980","CHD4",0.462
"981","GTF3A",0.462
"982","N4BP2L2",0.462
"983","RBPMS",0.462
"984","AL139095.2",0.461
"985","ASNSD1",0.461
"986","BRD4",0.461
"987","COA6",0.461
"988","DNAJC7",0.461
"989","EMP1",0.461
"990","EPC1",0.461
"991","HMBS",0.461
"992","KLHDC10",0.461
"993","KRT8",0.461
"994","PDZD11",0.461
"995","RAD1",0.461
"996","ROCK1",0.461
"997","SAFB",0.461
"998","SCYL1",0.461
"999","TAF15",0.461
"1000","TBRG1",0.461
"1001","TLE1",0.461
"1002","TXN2",0.461
"1003","TXNIP",0.461
"1004","ZNF33A",0.461
"1005","CAAP1",0.46
"1006","CNBP",0.46
"1007","DCAF13",0.46
"1008","MIIP",0.46
"1009","MYDGF",0.46
"1010","SNRPEP4",0.46
"1011","TACO1",0.46
"1012","FHL2",0.459
"1013","IER3IP1",0.459
"1014","NQO1",0.459
"1015","ORC6",0.459
"1016","AASDH",0.458
"1017","BBX",0.458
"1018","COA3",0.458
"1019","PCAT6",0.458
"1020","PSMB7",0.458
"1021","TMEM60",0.458
"1022","ARL16",0.457
"1023","C1orf122",0.457
"1024","PUF60",0.457
"1025","YES1",0.457
"1026","CTGF",0.456
"1027","DESI2",0.456
"1028","TRIM2",0.456
"1029","EIF4H",0.455
"1030","FXYD3",0.455
"1031","PPIF",0.455
"1032","SLC20A1",0.455
"1033","TEX30",0.455
"1034","AL451165.2",0.454
"1035","ARL14EP",0.454
"1036","ARL4A",0.454
"1037","BIRC3",0.454
"1038","IMPDH2",0.454
"1039","NUDT15",0.454
"1040","PITRM1",0.454
"1041","PRMT1",0.454
"1042","ADSS",0.453
"1043","LAPTM4B",0.453
"1044","MAGED1",0.453
"1045","DDX5",0.452
"1046","GGPS1",0.452
"1047","SLC10A3",0.452
"1048","TMEM45A",0.452
"1049","ZNF426",0.452
"1050","BCL2L1",0.451
"1051","BEX2",0.451
"1052","BRD3",0.451
"1053","CNOT6",0.451
"1054","LINC00665",0.451
"1055","MARCKS",0.451
"1056","PAK4",0.451
"1057","SIPA1",0.451
"1058","PITHD1",0.45
"1059","PRKAR1B",0.45
"1060","RBM47",0.45
"1061","SH3YL1",0.45
"1062","IGFBP4",0.449
"1063","PDHA1",0.449
"1064","SCRN1",0.449
"1065","VDAC1",0.449
"1066","FAM126B",0.448
"1067","MTHFD2L",0.448
"1068","RAB14",0.448
"1069","DUSP12",0.447
"1070","ELAVL1",0.447
"1071","KEAP1",0.447
"1072","LACTB2",0.447
"1073","PSMC6",0.447
"1074","S100A11",0.447
"1075","INAFM1",0.446
"1076","KRT23",0.446
"1077","MEA1",0.446
"1078","TLCD2",0.446
"1079","AC067942.1",0.445
"1080","COMMD7",0.445
"1081","DERL2",0.445
"1082","DHRS4-AS1",0.445
"1083","FAM210A",0.445
"1084","MED8",0.445
"1085","PSMB6",0.445
"1086","PSMD12",0.445
"1087","RNA5SP151",0.445
"1088","TXNL1",0.445
"1089","ZNF208",0.445
"1090","ANK3",0.444
"1091","B4GALT3",0.444
"1092","BACE2",0.444
"1093","DHX16",0.444
"1094","DNAJC2",0.444
"1095","FOXC1",0.444
"1096","GPRC5D-AS1",0.444
"1097","GSTK1",0.444
"1098","LCMT1",0.444
"1099","MAF1",0.444
"1100","MRPL37",0.444
"1101","OSBPL8",0.444
"1102","SFRP1",0.444
"1103","TXNDC9",0.444
"1104","YDJC",0.444
"1105","CYP20A1",0.443
"1106","ELMSAN1",0.443
"1107","MLLT10",0.443
"1108","S100A10",0.443
"1109","STK32C",0.443
"1110","PDE7A",0.442
"1111","STAG3L2",0.442
"1112","EIF4G2",0.441
"1113","ACSL1",0.44
"1114","LPIN2",0.44
"1115","PON2",0.44
"1116","RBBP7",0.44
"1117","RPLP0P6",0.44
"1118","TCEAL8",0.44
"1119","LAP3",0.439
"1120","SEC24D",0.439
"1121","SLC25A6.1",0.439
"1122","SPOP",0.439
"1123","POLR2K",0.438
"1124","SNRNP25",0.438
"1125","XPO4",0.438
"1126","HNRNPF",0.437
"1127","NACA3P",0.437
"1128","ZCCHC17",0.437
"1129","FAM120AOS",0.436
"1130","IFT27",0.436
"1131","PNRC2",0.436
"1132","RMND5B",0.436
"1133","RNF141",0.436
"1134","RRAS",0.436
"1135","TMEM30A",0.436
"1136","TYW3",0.436
"1137","C6orf89",0.435
"1138","KLHDC3",0.435
"1139","LINC01278",0.435
"1140","MBD4",0.435
"1141","PEPD",0.435
"1142","PFN1P1",0.435
"1143","PRDM2",0.435
"1144","PSMF1",0.435
"1145","PXDC1",0.435
"1146","RPS3AP6",0.435
"1147","TRAPPC3",0.435
"1148","WBP4",0.435
"1149","AC120036.1",0.434
"1150","NDUFB2",0.434
"1151","NPM3",0.434
"1152","PES1",0.434
"1153","RPL13AP7",0.434
"1154","ATP6V1B1",0.433
"1155","BAG1",0.433
"1156","C1D",0.433
"1157","DHRS4",0.433
"1158","HIKESHI",0.433
"1159","NPRL2",0.433
"1160","PTS",0.433
"1161","TMCO3",0.433
"1162","PSPH",0.432
"1163","ARMC1",0.431
"1164","FXYD5",0.431
"1165","LTV1",0.431
"1166","NCBP1",0.431
"1167","NNT-AS1",0.431
"1168","PARD3",0.431
"1169","PFKFB2",0.431
"1170","QSOX1",0.431
"1171","SAV1",0.431
"1172","STC2",0.431
"1173","CFDP1",0.43
"1174","MRPS33",0.43
"1175","AARS",0.429
"1176","PIGC",0.429
"1177","CREB3L2",0.428
"1178","DCTN3",0.428
"1179","DERL1",0.428
"1180","KCTD9",0.428
"1181","KRT6B",0.428
"1182","MAPRE1",0.428
"1183","NDUFC2",0.428
"1184","NKAP",0.428
"1185","NSD1",0.428
"1186","PRSS23",0.428
"1187","SSSCA1",0.428
"1188","TCEAL3",0.428
"1189","BAD",0.427
"1190","TAF13",0.427
"1191","BOLA1",0.426
"1192","C7orf73",0.426
"1193","DPM2",0.426
"1194","EPB41L5",0.426
"1195","LRRFIP1",0.426
"1196","PLRG1",0.426
"1197","PURA",0.426
"1198","BEX3",0.425
"1199","NR6A1",0.425
"1200","OST4",0.425
"1201","RPL10P16",0.425
"1202","AIP",0.424
"1203","ARHGEF12",0.424
"1204","DIDO1",0.424
"1205","HSPA4",0.424
"1206","LAD1",0.424
"1207","NDUFAF5",0.424
"1208","TBC1D20",0.424
"1209","CD2BP2",0.423
"1210","COL6A2",0.423
"1211","EMD",0.423
"1212","GTF2H1",0.423
"1213","HCFC1R1",0.423
"1214","HDHD5",0.423
"1215","IL13RA1",0.423
"1216","ILF3",0.423
"1217","IRS2",0.423
"1218","JAGN1",0.423
"1219","KBTBD7",0.423
"1220","KIAA1191",0.423
"1221","KTN1",0.423
"1222","LMO7",0.423
"1223","MGST2",0.423
"1224","MYO10",0.423
"1225","PANK2",0.423
"1226","POLR2E",0.423
"1227","RPL23P8",0.423
"1228","SMIM14",0.423
"1229","SRP19",0.423
"1230","TPTEP1",0.423
"1231","TXLNG",0.423
"1232","WDR1",0.423
"1233","WDR18",0.423
"1234","AP000769.1",0.422
"1235","ATP1B3",0.422
"1236","GSTP1",0.422
"1237","HOXC10",0.422
"1238","MFSD1",0.422
"1239","PEX13",0.422
"1240","PTMS",0.422
"1241","A2ML1",0.421
"1242","CCDC91",0.421
"1243","DHX30",0.421
"1244","DLD",0.421
"1245","HSPBP1",0.421
"1246","KMT2A",0.421
"1247","PSMC5",0.421
"1248","RPL4P4",0.421
"1249","SNU13",0.421
"1250","AC008771.1",0.42
"1251","ACTN4",0.42
"1252","ATP6AP1",0.42
"1253","FSCN1",0.42
"1254","GGH",0.42
"1255","H1F0",0.42
"1256","HCFC1",0.42
"1257","NDUFS2",0.42
"1258","OXLD1",0.42
"1259","PICALM",0.42
"1260","POGK",0.42
"1261","RGL2",0.42
"1262","SBDS",0.42
"1263","SLAIN2",0.42
"1264","SUGP2",0.42
"1265","SYPL1",0.42
"1266","ATP13A3",0.419
"1267","AKT2",0.418
"1268","CEP70",0.418
"1269","FZD7",0.418
"1270","GAS5",0.418
"1271","PSMD3",0.418
"1272","SF3A1",0.418
"1273","TMEM176B",0.418
"1274","TULP3",0.418
"1275","GLG1",0.417
"1276","KDM5B",0.417
"1277","NEU1",0.417
"1278","HOOK3",0.416
"1279","TUBA4A",0.416
"1280","EGFR",0.415
"1281","RSL24D1",0.415
"1282","BCL2L12",0.414
"1283","BDH1",0.414
"1284","COPS6",0.414
"1285","CRLS1",0.414
"1286","DDOST",0.414
"1287","EHF",0.414
"1288","GNPAT",0.414
"1289","SHC1",0.414
"1290","TAF10",0.414
"1291","ZNF302",0.414
"1292","GFPT1",0.413
"1293","NDUFA11",0.413
"1294","ADAM10",0.412
"1295","BUD23",0.412
"1296","CFLAR",0.412
"1297","CLNS1A",0.412
"1298","DNPH1",0.412
"1299","FAM213A",0.412
"1300","HACD1",0.412
"1301","HIST3H2A",0.412
"1302","HOXB7",0.412
"1303","IMP3",0.412
"1304","ITPA",0.412
"1305","MARCKSL1",0.412
"1306","MICA",0.412
"1307","MINDY2",0.412
"1308","MIR1244-2",0.412
"1309","NELFCD",0.412
"1310","VPS13A",0.412
"1311","IGBP1",0.411
"1312","MHENCR",0.411
"1313","NEPRO",0.411
"1314","NFAT5",0.411
"1315","THAP5",0.411
"1316","AC018521.5",0.41
"1317","COQ10B",0.41
"1318","FOXP4-AS1",0.41
"1319","GOLM1",0.41
"1320","LSM4",0.41
"1321","MAP1LC3B",0.41
"1322","MYCBP2",0.41
"1323","RFXANK",0.41
"1324","AL009174.1",0.409
"1325","ANAPC13",0.409
"1326","ETFB",0.409
"1327","ZNF524",0.409
"1328","FDFT1",0.408
"1329","GEMIN7",0.408
"1330","GPATCH2",0.408
"1331","HADH",0.408
"1332","KIF9",0.408
"1333","LAMTOR3",0.408
"1334","RAC1P2",0.408
"1335","RPL5P17",0.408
"1336","SSNA1",0.408
"1337","TBCC",0.408
"1338","THAP4",0.408
"1339","ZNF529",0.408
"1340","BRAT1",0.407
"1341","SERTAD1",0.407
"1342","SLC44A4",0.407
"1343","CCT4",0.406
"1344","CETN3",0.406
"1345","DNAL4",0.406
"1346","DYNLL2",0.406
"1347","EXOSC8",0.406
"1348","KIN",0.406
"1349","LRRC59",0.406
"1350","PLS3",0.406
"1351","SMARCC1",0.406
"1352","TMEM141",0.406
"1353","WDR5",0.406
"1354","WDR61",0.406
"1355","ATP1A1",0.405
"1356","CREB1",0.405
"1357","TSEN34",0.405
"1358","AC131235.1",0.404
"1359","FBXO17",0.404
"1360","GYG1",0.404
"1361","NUP54",0.404
"1362","PLEKHJ1",0.404
"1363","SMOX",0.404
"1364","SNRNP27",0.404
"1365","TPRKB",0.404
"1366","ZNF677",0.404
"1367","AC007405.3",0.403
"1368","CSE1L",0.403
"1369","CSNK1E",0.403
"1370","CTDNEP1",0.403
"1371","EGR2",0.403
"1372","KLF13",0.403
"1373","NRDC",0.403
"1374","PDXK",0.403
"1375","PLXDC2",0.403
"1376","PYGB",0.403
"1377","RAB7A",0.403
"1378","RPS7P3",0.403
"1379","IVNS1ABP",0.402
"1380","THOC2",0.402
"1381","VEZT",0.402
"1382","ZMYM5",0.402
"1383","AC024619.4",0.401
"1384","C5orf42",0.401
"1385","C8orf82",0.401
"1386","DUT",0.401
"1387","HMGB1P5",0.401
"1388","RSU1",0.401
"1389","MLLT1",0.4
"1390","NR3C1",0.4
"1391","PRLR",0.4
"1392","RAB22A",0.4
"1393","ARL1",0.399
"1394","C19orf60",0.399
"1395","GPR107",0.398
"1396","HIGD1A",0.398
"1397","MAD2L1",0.398
"1398","MSL1",0.398
"1399","SIL1",0.398
"1400","TRPC4AP",0.398
"1401","C2orf40",0.397
"1402","CIR1",0.397
"1403","HIST1H2BD",0.397
"1404","IER5",0.397
"1405","TCEA3",0.397
"1406","FOSL1",0.396
"1407","MED31",0.396
"1408","ORC4",0.396
"1409","AIG1",0.395
"1410","BAMBI",0.395
"1411","GPM6B",0.395
"1412","PRKCSH",0.395
"1413","SERPINB5",0.395
"1414","ANAPC11",0.394
"1415","CA13",0.394
"1416","COQ4",0.394
"1417","EIF1AX",0.394
"1418","FAM46A",0.394
"1419","NCOA6",0.394
"1420","PLEKHB1",0.393
"1421","SNRPEP2",0.393
"1422","WAC",0.393
"1423","PTAR1",0.392
"1424","TMEM256",0.392
"1425","AC005776.1",0.391
"1426","ANKRD36",0.391
"1427","MRFAP1",0.391
"1428","NAP1L4",0.391
"1429","NDUFAF8",0.391
"1430","SPG7",0.391
"1431","SPACA9",0.39
"1432","TNNC1",0.39
"1433","AKIRIN1",0.389
"1434","MTIF3",0.389
"1435","WDR37",0.389
"1436","B4GALT7",0.388
"1437","CAPRIN1",0.388
"1438","FAM91A1",0.388
"1439","GALNT3",0.388
"1440","SLC25A33",0.388
"1441","TPM1",0.388
"1442","ASCL2",0.387
"1443","C15orf40",0.387
"1444","JMJD1C",0.387
"1445","PSME1",0.387
"1446","ENOSF1",0.386
"1447","MRPL2",0.386
"1448","PPP1CA",0.386
"1449","RNASET2",0.386
"1450","CUL2",0.385
"1451","DCTD",0.385
"1452","DDX42",0.385
"1453","ETFA",0.385
"1454","FAM217B",0.385
"1455","IL10RB",0.385
"1456","MIR200CHG",0.385
"1457","PDLIM5",0.385
"1458","PTTG1IP",0.385
"1459","STX17",0.385
"1460","TAF2",0.385
"1461","CARS",0.384
"1462","LIMCH1",0.384
"1463","NDUFA5",0.384
"1464","FAM20B",0.383
"1465","MAP2K3",0.383
"1466","ASNA1",0.382
"1467","EGLN1",0.382
"1468","HES1",0.382
"1469","ZCCHC6",0.382
"1470","HLA-DQB1",0.381
"1471","NOL4L",0.381
"1472","NOL7",0.381
"1473","PSMD2",0.381
"1474","PDAP1",0.38
"1475","ARF4",0.379
"1476","ENO1",0.379
"1477","AC005840.1",0.378
"1478","AC026403.1",0.378
"1479","CDC37L1",0.378
"1480","DRG1",0.378
"1481","FAM104B",0.378
"1482","MGAT1",0.378
"1483","PDZD8",0.378
"1484","RTL10",0.378
"1485","VPS35",0.378
"1486","ERBB3",0.377
"1487","FAM126A",0.377
"1488","PDIA3",0.377
"1489","SLC35F6",0.377
"1490","ATP6AP2",0.376
"1491","COL9A3",0.376
"1492","CTNND1",0.376
"1493","DAXX",0.376
"1494","HNRNPU",0.376
"1495","KIAA2013",0.376
"1496","MGAT4B",0.376
"1497","MRPL24",0.376
"1498","ORMDL2",0.376
"1499","PABPC4",0.376
"1500","PPP6R3",0.376
"1501","RPN1",0.376
"1502","SLC50A1",0.376
"1503","ST3GAL1",0.376
"1504","TINCR",0.376
"1505","TMEM59",0.376
"1506","VAPA",0.376
"1507","VPS28",0.376
"1508","CPEB4",0.374
"1509","FAF2",0.374
"1510","FAM84A",0.374
"1511","TNPO2",0.374
"1512","FAM122A",0.373
"1513","GOLGB1",0.373
"1514","SMARCE1",0.373
"1515","TIMM8B",0.373
"1516","ACD",0.372
"1517","CELF1",0.372
"1518","DNAJC15",0.372
"1519","EIF2S2",0.372
"1520","MRPL4",0.372
"1521","PARP1",0.371
"1522","RALGDS",0.371
"1523","RBM17",0.371
"1524","RTKN",0.371
"1525","ATPIF1",0.37
"1526","C12orf57",0.37
"1527","HLA-DRA",0.37
"1528","MRAS",0.37
"1529","PERP",0.37
"1530","RNF152",0.37
"1531","BCL11A",0.369
"1532","CEBPZOS",0.369
"1533","HIBCH",0.369
"1534","KLF10",0.369
"1535","PKP3",0.369
"1536","SH3PXD2A",0.369
"1537","ZRSR2",0.369
"1538","C11orf58",0.368
"1539","DCXR",0.368
"1540","DPH7",0.368
"1541","DPY30",0.368
"1542","FUNDC1",0.368
"1543","TEX10",0.368
"1544","TMSB4X",0.368
"1545","HRCT1",0.367
"1546","IGFBP2",0.367
"1547","MYBL2",0.367
"1548","ATP5F1",0.366
"1549","ATPAF2",0.366
"1550","CDK7",0.366
"1551","DNAJC25",0.366
"1552","KCNK5",0.366
"1553","KLHL24",0.366
"1554","MALAT1",0.366
"1555","MRPL45",0.366
"1556","RABIF",0.366
"1557","RPS19P7",0.366
"1558","SF3A3",0.366
"1559","ZNHIT2",0.366
"1560","ALG13",0.365
"1561","ARL6IP1",0.365
"1562","ATG12",0.365
"1563","CDKN2B",0.365
"1564","LRR1",0.365
"1565","SERINC1",0.365
"1566","SERTAD3",0.365
"1567","SRD5A3",0.365
"1568","TMEM106B",0.365
"1569","VEZF1",0.365
"1570","ACP1",0.364
"1571","AURKAIP1",0.364
"1572","FAM102A",0.364
"1573","IMP4",0.364
"1574","MIB1",0.364
"1575","MTCO2P12",0.364
"1576","TMED1",0.364
"1577","SLC1A6",0.363
"1578","ATF6",0.362
"1579","EIF1",0.362
"1580","OSTF1",0.362
"1581","ARMC8",0.361
"1582","EDF1",0.361
"1583","ZNF264",0.361
"1584","AC026366.1",0.36
"1585","AC087343.1",0.36
"1586","ALKBH5",0.36
"1587","OSBPL2",0.36
"1588","PTP4A1",0.36
"1589","SNX27",0.36
"1590","TMEM41A",0.36
"1591","VPS8",0.36
"1592","ZNF326",0.36
"1593","ZNHIT3",0.36
"1594","CRISPLD1",0.359
"1595","CTSV",0.359
"1596","NEAT1",0.359
"1597","NPC2",0.359
"1598","SCAMP3",0.359
"1599","SNX13",0.359
"1600","SQSTM1",0.359
"1601","TMEM191A",0.359
"1602","YKT6",0.359
"1603","EIF5A2",0.358
"1604","ELOVL1",0.358
"1605","MAIP1",0.358
"1606","NDUFB3",0.358
"1607","RASSF7",0.358
"1608","RAD23B",0.357
"1609","SH3GLB1",0.357
"1610","SLC11A2",0.357
"1611","DERA",0.356
"1612","GLUL",0.356
"1613","PUM3",0.356
"1614","ZNF827",0.356
"1615","FBXO21",0.355
"1616","PSMC4",0.355
"1617","ZMAT2",0.355
"1618","AC005261.2",0.354
"1619","CD9",0.354
"1620","EYA3",0.354
"1621","RPL7P6",0.354
"1622","AGO1",0.353
"1623","DFFA",0.353
"1624","HELZ2",0.353
"1625","NCOA7",0.353
"1626","COMT",0.352
"1627","GOLGA4",0.352
"1628","KCTD1",0.351
"1629","MT1F",0.351
"1630","VPS53",0.351
"1631","BTG2",0.35
"1632","PPIG",0.35
"1633","SPG21",0.35
"1634","TGIF1",0.35
"1635","TMEM115",0.35
"1636","CHD6",0.349
"1637","LINC01133",0.349
"1638","RHNO1",0.349
"1639","DDX50",0.348
"1640","SUMO3",0.348
"1641","TAF12",0.348
"1642","CLTB",0.347
"1643","LAMTOR5",0.347
"1644","NDUFB11",0.347
"1645","NUP58",0.347
"1646","PDHX",0.347
"1647","TAF7",0.347
"1648","GINM1",0.346
"1649","ZNF32",0.346
"1650","AC060780.1",0.345
"1651","KPNA3",0.345
"1652","RPL39L",0.345
"1653","SLC35F5",0.345
"1654","TM9SF2",0.345
"1655","YEATS4",0.345
"1656","C1orf131",0.344
"1657","DLGAP1-AS2",0.344
"1658","MAP2K2",0.344
"1659","SUN1",0.344
"1660","CHTOP",0.343
"1661","IDH2",0.342
"1662","NFKBIE",0.342
"1663","TPM3",0.342
"1664","TRAPPC4",0.342
"1665","ATP5A1",0.341
"1666","COX6CP1",0.341
"1667","CWC25",0.341
"1668","CYB5R2",0.341
"1669","FAM129B",0.341
"1670","CDKN1C",0.34
"1671","AP002784.2",0.339
"1672","DYNLT1",0.339
"1673","PFDN1",0.339
"1674","DDR1",0.338
"1675","HEXB",0.338
"1676","HIST1H4I",0.338
"1677","HNRNPA2B1",0.338
"1678","CUL4A",0.337
"1679","EIF4E2",0.337
"1680","MRPS6",0.337
"1681","PRCP",0.337
"1682","DNM1L",0.336
"1683","KBTBD2",0.336
"1684","PKM",0.336
"1685","TBCA",0.336
"1686","DBI",0.335
"1687","MAGOH",0.335
"1688","RBM18",0.335
"1689","ZNF529-AS1",0.334
"1690","CPQ",0.333
"1691","GPR180",0.332
"1692","MPV17L2",0.332
"1693","MRPL21",0.332
"1694","POP4",0.332
"1695","SELENOK",0.332
"1696","CACYBP",0.331
"1697","CCT5",0.331
"1698","CSNK2B",0.331
"1699","RPS7P10",0.331
"1700","LYSMD2",0.33
"1701","SNHG11",0.33
"1702","ARAF",0.329
"1703","CD320",0.329
"1704","EIF4EBP1",0.329
"1705","SLC16A3",0.329
"1706","TRMT1",0.329
"1707","ARV1",0.328
"1708","CASC3",0.327
"1709","CDKN1A",0.327
"1710","DVL3",0.327
"1711","GPBP1L1",0.327
"1712","MTX2",0.327
"1713","RB1",0.327
"1714","SEC11A",0.327
"1715","H2AFY",0.326
"1716","SURF2",0.326
"1717","MRPS21",0.325
"1718","ZNF652",0.325
"1719","AL122020.1",0.324
"1720","CDC42BPA",0.324
"1721","CENPN",0.324
"1722","CHPF",0.324
"1723","DCAF7",0.324
"1724","DOK5",0.324
"1725","EIF4EBP2",0.324
"1726","FARP1",0.324
"1727","MORF4L1P1",0.324
"1728","PPP4R3A",0.324
"1729","SPART",0.324
"1730","ZNF37A",0.324
"1731","ABLIM1",0.323
"1732","BOLA3",0.323
"1733","CCNG2",0.323
"1734","EIF4B",0.323
"1735","LAMTOR4",0.323
"1736","MVB12A",0.323
"1737","SDHD",0.323
"1738","TSEN15",0.323
"1739","EPM2AIP1",0.322
"1740","MDM2",0.322
"1741","PHB2",0.322
"1742","SCFD1",0.322
"1743","SEC61G",0.322
"1744","SELENBP1",0.322
"1745","HDHD3",0.321
"1746","RRS1",0.321
"1747","SLC31A1",0.321
"1748","TMEM160",0.321
"1749","ZNF644",0.321
"1750","HSPA14",0.32
"1751","LAMB3",0.32
"1752","TRPT1",0.32
"1753","AGPAT2",0.319
"1754","C12orf49",0.319
"1755","ZNF514",0.319
"1756","EIF5B",0.318
"1757","GCDH",0.318
"1758","GGCT",0.318
"1759","PIGT",0.318
"1760","PSMG3-AS1",0.318
"1761","ROPN1B",0.318
"1762","ZMIZ2",0.318
"1763","COIL",0.317
"1764","CA2",0.316
"1765","HSPH1",0.316
"1766","NUTF2",0.316
"1767","PAPOLA",0.316
"1768","RPRD1B",0.316
"1769","SUZ12",0.316
"1770","ZDHHC4",0.316
"1771","SRP68",0.315
"1772","CCDC124",0.313
"1773","HIST1H2BN",0.313
"1774","PDE4DIP",0.313
"1775","DDA1",0.312
"1776","PFDN4",0.312
"1777","TMEM11",0.312
"1778","TRIB3",0.312
"1779","ARL6IP5",0.311
"1780","CASK",0.311
"1781","GOLPH3L",0.311
"1782","ITM2C",0.311
"1783","PALLD",0.311
"1784","PXDNL",0.311
"1785","RABGGTB",0.311
"1786","TWSG1",0.311
"1787","ARIH2",0.31
"1788","C12orf75",0.31
"1789","CNP",0.31
"1790","CYC1",0.31
"1791","EHBP1",0.31
"1792","MTERF3",0.31
"1793","OCIAD1",0.31
"1794","RRAGD",0.31
"1795","ZNF100",0.31
"1796","EAPP",0.309
"1797","F12",0.309
"1798","GDF15",0.309
"1799","INHBB",0.309
"1800","LTBP4",0.309
"1801","MDFI",0.309
"1802","SPCS1",0.309
"1803","HNRNPA1P48",0.308
"1804","PART1",0.308
"1805","SLC52A2",0.308
"1806","SNRPFP1",0.308
"1807","C14orf119",0.307
"1808","SPHK1",0.307
"1809","SVIP",0.307
"1810","TAX1BP1",0.307
"1811","TMBIM1",0.307
"1812","ASS1",0.306
"1813","FBXW5",0.306
"1814","ZMYND8",0.306
"1815","CWC15",0.305
"1816","PSMB1",0.305
"1817","SF3B4",0.305
"1818","TNKS2",0.305
"1819","TPP2",0.305
"1820","DIMT1",0.304
"1821","THOC3",0.304
"1822","COPA",0.303
"1823","COPS7A",0.303
"1824","C12orf73",0.302
"1825","LITAF",0.302
"1826","RPS13P2",0.302
"1827","ZNF667-AS1",0.302
"1828","SLTM",0.301
"1829","ALYREF",0.3
"1830","FIS1",0.3
"1831","MFAP1",0.3
"1832","NAPRT",0.3
"1833","QKI",0.3
"1834","SNRNP200",0.3
"1835","TBC1D7",0.3
"1836","TIMM23",0.3
"1837","FAM177A1",0.299
"1838","CD164",0.298
"1839","COL11A2",0.298
"1840","COMMD3",0.298
"1841","DCUN1D5",0.298
"1842","HSD17B12",0.298
"1843","MKNK2",0.298
"1844","STX6",0.298
"1845","AC064807.1",0.297
"1846","PAXX",0.297
"1847","RSRC2",0.297
"1848","TRMT112",0.296
"1849","B3GALNT2",0.295
"1850","CHMP4B",0.295
"1851","CIAO1",0.295
"1852","PTGES2",0.295
"1853","RAF1",0.295
"1854","SLC38A2",0.295
"1855","NDUFA8",0.294
"1856","NRN1",0.294
"1857","SYNGR1",0.294
"1858","FAM171A1",0.293
"1859","CITED2",0.292
"1860","DNAJA1",0.292
"1861","MAP4",0.292
"1862","SLC39A9",0.292
"1863","TRMT112P6",0.292
"1864","ZDHHC24",0.292
"1865","ACOT13",0.291
"1866","NDUFAF4",0.29
"1867","RPL36AL",0.29
"1868","NSUN2",0.289
"1869","ING4",0.288
"1870","MAP3K8",0.288
"1871","NR1H2",0.288
"1872","PABPC1P3",0.288
"1873","SNX5",0.288
"1874","DNAJC19",0.287
"1875","TMEM170A",0.287
"1876","CSRP2",0.286
"1877","EPB41L2",0.286
"1878","HSD17B10",0.286
"1879","SPTSSA",0.285
"1880","AC112191.2",0.284
"1881","OGT",0.284
"1882","PPP1R11",0.284
"1883","SNX1",0.284
"1884","CLGN",0.283
"1885","HUWE1",0.283
"1886","LAMA5",0.283
"1887","TAGLN2",0.283
"1888","ZNF639",0.283
"1889","AP2M1",0.282
"1890","GARS",0.282
"1891","NDUFB10",0.282
"1892","PITPNA",0.282
"1893","ATG3",0.281
"1894","CAMK1D",0.281
"1895","GABRP",0.281
"1896","NUCB1",0.281
"1897","ITM2B",0.28
"1898","SCAND1",0.28
"1899","NACC2",0.279
"1900","ROPN1",0.279
"1901","STAU1",0.279
"1902","VLDLR-AS1",0.279
"1903","C4orf3",0.278
"1904","CD24",0.278
"1905","HTATIP2",0.278
"1906","LINC00511",0.278
"1907","NCBP2",0.278
"1908","PAIP2B",0.278
"1909","QARS",0.278
"1910","CRABP1",0.277
"1911","ETHE1",0.277
"1912","MICALL1",0.277
"1913","NUP50",0.277
"1914","SDF4",0.277
"1915","ZNF431",0.277
"1916","CCDC80",0.276
"1917","CEBPD",0.276
"1918","ZNF761",0.276
"1919","AP002360.2",0.275
"1920","FOXO1",0.275
"1921","ITFG1",0.275
"1922","MAP1B",0.275
"1923","NSA2",0.275
"1924","AL136454.1",0.274
"1925","BLOC1S2",0.274
"1926","FRMD3",0.274
"1927","HLA-F",0.274
"1928","OTUD6B",0.274
"1929","PEG10",0.274
"1930","RPP30",0.274
"1931","WDR34",0.274
"1932","ALG5",0.273
"1933","DTD1",0.273
"1934","FOLR1",0.273
"1935","HIPK2",0.273
"1936","IARS2",0.273
"1937","IDI1",0.273
"1938","ILF3-AS1",0.273
"1939","MRPL54",0.273
"1940","AC104212.2",0.272
"1941","ATL3",0.272
"1942","FRY",0.272
"1943","MAGIX",0.272
"1944","ST3GAL4",0.272
"1945","TBRG4",0.272
"1946","TMEM67",0.272
"1947","CHD3",0.271
"1948","ENSA",0.271
"1949","RABEPK",0.271
"1950","MNAT1",0.27
"1951","SFT2D2",0.27
"1952","WDR60",0.27
"1953","XKR9",0.27
"1954","ZNF335",0.27
"1955","CREBZF",0.269
"1956","CRYL1",0.269
"1957","MELTF",0.269
"1958","NCOA2",0.269
"1959","DNAAF2",0.268
"1960","RPA3",0.268
"1961","ACTR3B",0.267
"1962","CTSL",0.267
"1963","CXXC5",0.267
"1964","DMKN",0.267
"1965","FLYWCH2",0.267
"1966","NSMCE2",0.267
"1967","ATP5I",0.266
"1968","CDC123",0.266
"1969","EIF3FP3",0.266
"1970","LARS",0.266
"1971","MIEN1",0.266
"1972","RPL24P8",0.266
"1973","AFDN",0.263
"1974","HNRNPC",0.263
"1975","PTPRK",0.263
"1976","TIMM17B",0.262
"1977","LMNA",0.261
"1978","TMCO1",0.261
"1979","AC113935.1",0.26
"1980","DPAGT1",0.26
"1981","NCCRP1",0.26
"1982","POLR3GL",0.26
"1983","RIT1",0.26
"1984","SLC35B3",0.26
"1985","DNAJC16",0.258
"1986","GOT2",0.258
"1987","PDCL3",0.258
"1988","ST20",0.258
"1989","DBNDD1",0.257
"1990","RHEB",0.257
"1991","C1orf198",0.256
"1992","DSCR3",0.256
"1993","LAMTOR2",0.256
"1994","RINL",0.256
"1995","CC2D1A",0.255
"1996","LMAN2",0.255
"1997","PDZK1IP1",0.255
"1998","PHF6",0.255
"1999","AK6",0.254
"2000","CCSAP",0.254
"2001","COMMD9",0.254
"2002","GAST",0.254
"2003","MTND2P28",0.254
"2004","SLC35B1",0.254
"2005","WWP1",0.253
"2006","ADIPOR2",0.252
"2007","ISY1",0.252
"2008","MRPL55",0.252
"2009","RAB11A",0.252
"2010","PRADC1",0.251
"2011","RANBP2",0.251
"2012","CTSD",0.25
"2013","GTF2A2",0.249
"2014","SH3GL1",0.249
"2015","SMYD3",0.249
"2016","SNHG15",0.249
"2017","SNRPD1",0.249
"2018","TMEM230",0.249
"2019","BFAR",0.248
"2020","C1GALT1C1",0.248
"2021","DDX27",0.248
"2022","EFR3A",0.248
"2023","EIF4A3",0.248
"2024","IQGAP1",0.248
"2025","MARCH3",0.248
"2026","RHBDL2",0.248
"2027","RTCB",0.248
"2028","STAU2",0.248
"2029","TCEAL4",0.248
"2030","ZBTB44",0.248
"2031","ZNF576",0.248
"2032","DLGAP1-AS1",0.247
"2033","GDE1",0.247
"2034","MOSPD3",0.247
"2035","RING1",0.247
"2036","RNF6",0.247
"2037","RPRD1A",0.247
"2038","SWSAP1",0.247
"2039","TBCB",0.247
"2040","BTBD3",0.246
"2041","EBAG9",0.246
"2042","MANBAL",0.246
"2043","RBX1",0.246
"2044","YTHDF1",0.246
"2045","CARS2",0.245
"2046","TAF1",0.245
"2047","CHCHD10",0.244
"2048","DNASE2",0.244
"2049","HGSNAT",0.244
"2050","MAP9",0.244
"2051","NDUFA2",0.244
"2052","PSMA4",0.244
"2053","SUPT5H",0.244
"2054","ABHD12",0.243
"2055","GEMIN6",0.243
"2056","SLIRP",0.243
"2057","BAK1",0.242
"2058","DNAJB2",0.242
"2059","EWSR1",0.242
"2060","GPX4",0.242
"2061","HINT2",0.242
"2062","LEPROT",0.242
"2063","NDUFAF6",0.242
"2064","NECTIN4",0.242
"2065","PCGF5",0.242
"2066","RBP7",0.242
"2067","SLC3A2",0.242
"2068","SNRNP40",0.242
"2069","SOSTDC1",0.242
"2070","XAGE2",0.242
"2071","YARS2",0.242
"2072","ADPRHL2",0.241
"2073","DYNLRB1",0.241
"2074","IDH3B",0.241
"2075","MPHOSPH6",0.241
"2076","CARD19",0.24
"2077","ILVBL",0.24
"2078","MYADM",0.24
"2079","RERG",0.24
"2080","ZFAND3",0.24
"2081","FXR1",0.239
"2082","RBMS1",0.239
"2083","C8orf59",0.238
"2084","RANBP1",0.238
"2085","ANXA7",0.237
"2086","POLR2B",0.237
"2087","PRKAR1A",0.237
"2088","RPS19P3",0.237
"2089","TMSB10",0.237
"2090","AC027290.2",0.236
"2091","DUSP23",0.236
"2092","KCNG1",0.236
"2093","KMT2E",0.235
"2094","LIN7C",0.235
"2095","PSMD11",0.235
"2096","RPS20P14",0.235
"2097","SF3B5",0.235
"2098","CCT3",0.234
"2099","CFAP97",0.234
"2100","FKBP10",0.234
"2101","MRPL57",0.234
"2102","PEX11B",0.234
"2103","RABL6",0.234
"2104","JMY",0.233
"2105","MRPS31",0.233
"2106","RALA",0.233
"2107","TMED2",0.233
"2108","BUB3",0.232
"2109","GNAI3",0.232
"2110","MAP3K7",0.232
"2111","MMP24-AS1",0.232
"2112","REPS1",0.232
"2113","SNX8",0.232
"2114","TMTC3",0.232
"2115","EIF4A2",0.231
"2116","ISCU",0.231
"2117","ZNF714",0.231
"2118","ABRACL",0.23
"2119","ARSD",0.23
"2120","RNASE1",0.23
"2121","ANKRD10-IT1",0.229
"2122","BRIX1",0.229
"2123","DHCR24",0.229
"2124","FTLP3",0.229
"2125","C16orf74",0.228
"2126","CANX",0.228
"2127","CSTA",0.228
"2128","GTF2F2",0.228
"2129","HMGCS1",0.228
"2130","LINC02001",0.228
"2131","MSLN",0.228
"2132","RPF2",0.228
"2133","SMNDC1",0.228
"2134","SPNS1",0.228
"2135","ST3GAL2",0.228
"2136","ZNF664",0.228
"2137","AHSA2",0.227
"2138","ARFIP1",0.227
"2139","BID",0.227
"2140","COL9A1",0.227
"2141","NOL3",0.227
"2142","PGK1",0.227
"2143","C2orf76",0.226
"2144","MEAF6",0.226
"2145","ZFC3H1",0.226
"2146","ACTL6A",0.225
"2147","C14orf2",0.225
"2148","GRK6",0.225
"2149","JPT2",0.225
"2150","KLF9",0.225
"2151","LLPH",0.225
"2152","MAPK6",0.225
"2153","MTHFD2",0.225
"2154","PQLC3",0.225
"2155","PRKCI",0.225
"2156","TIMM17A",0.225
"2157","INSIG2",0.224
"2158","RER1",0.222
"2159","ZFAS1",0.222
"2160","CBFB",0.221
"2161","SDF2",0.22
"2162","ARID2",0.219
"2163","FABP5",0.219
"2164","SDHC",0.219
"2165","C2orf69",0.218
"2166","HADHB",0.218
"2167","MAP4K4",0.218
"2168","RIMKLB",0.218
"2169","DAPK2",0.217
"2170","ECT2",0.217
"2171","GADD45GIP1",0.217
"2172","GMFB",0.217
"2173","HDDC2",0.217
"2174","MALSU1",0.217
"2175","SLC25A32",0.217
"2176","TMEM216",0.217
"2177","ZCRB1",0.217
"2178","ACTB",0.215
"2179","ADIPOR1",0.215
"2180","ALDOA",0.215
"2181","C14orf166",0.215
"2182","CGGBP1",0.215
"2183","GNB4",0.215
"2184","GTF2E2",0.215
"2185","H3F3AP6",0.215
"2186","NNT",0.215
"2187","SEPHS2",0.215
"2188","TMEM109",0.215
"2189","AC007969.1",0.214
"2190","ALG3",0.214
"2191","CDKN3",0.214
"2192","LRIF1",0.214
"2193","MTRR",0.214
"2194","TNNT1",0.214
"2195","TNRC18",0.214
"2196","ATF3",0.213
"2197","FERMT1",0.213
"2198","GLTP",0.213
"2199","PSMD4",0.213
"2200","ATP6V1E1",0.211
"2201","HLA-C",0.211
"2202","KLHL21",0.211
"2203","MSN",0.211
"2204","PAK2",0.211
"2205","RABGAP1L",0.211
"2206","INHBA",0.21
"2207","PSMG2",0.21
"2208","OLFM2",0.209
"2209","SLC12A2",0.209
"2210","GATAD2B",0.208
"2211","TOB2",0.208
"2212","AC008124.1",0.207
"2213","CYR61",0.207
"2214","TIMMDC1",0.207
"2215","COX19",0.206
"2216","NOV",0.206
"2217","SLC25A30",0.206
"2218","POLR2H",0.205
"2219","RNH1",0.205
"2220","RPL21P16",0.205
"2221","YWHAB",0.205
"2222","C5orf66-AS1",0.204
"2223","CISD1",0.204
"2224","CWC27",0.204
"2225","DNAJA2",0.204
"2226","EPS8L2",0.204
"2227","FBXO3",0.204
"2228","IMMT",0.204
"2229","NMRAL1",0.204
"2230","NUDC",0.204
"2231","PTRHD1",0.204
"2232","RPS4XP11",0.204
"2233","SIVA1",0.204
"2234","SNRPC",0.204
"2235","TXNDC17",0.204
"2236","DHCR7",0.203
"2237","SENP6",0.203
"2238","SNHG1",0.203
"2239","CBWD2",0.202
"2240","ING1",0.202
"2241","YTHDC1",0.202
"2242","AC011979.1",0.201
"2243","ADK",0.201
"2244","HMG20B",0.201
"2245","PNPLA4",0.201
"2246","TARDBP",0.201
"2247","EED",0.2
"2248","KLK1",0.2
"2249","LCLAT1",0.2
"2250","MAD2L1BP",0.2
"2251","ACVR2A",0.199
"2252","IDH3G",0.199
"2253","KDELR3",0.199
"2254","MDH1",0.199
"2255","C15orf52",0.198
"2256","SND1",0.198
"2257","HIGD2A",0.197
"2258","ZNF706",0.197
"2259","CUL5",0.196
"2260","KPNA4",0.196
"2261","MRPL3",0.196
"2262","MRPL47",0.196
"2263","PDK1",0.196
"2264","CDKN1B",0.195
"2265","SELENOH",0.195
"2266","SPAG9",0.195
"2267","DGCR2",0.194
"2268","FAM117B",0.193
"2269","SNRPB",0.193
"2270","AP006621.3",0.191
"2271","CBX3",0.191
"2272","LINC01956",0.191
"2273","PSMD9",0.191
"2274","RNF216P1",0.191
"2275","TUBGCP2",0.191
"2276","COG6",0.19
"2277","PFN2",0.19
"2278","RBM26",0.19
"2279","RIOK1",0.19
"2280","AC019205.3",0.189
"2281","ACTN1",0.189
"2282","ATF7IP",0.189
"2283","ERRFI1",0.189
"2284","SRSF7",0.189
"2285","LINC01006",0.188
"2286","MRPL52",0.188
"2287","NTHL1",0.188
"2288","ROCK2",0.188
"2289","TCEA2",0.188
"2290","DEAF1",0.187
"2291","H2AFJ",0.187
"2292","LINC00393",0.187
"2293","MECP2",0.187
"2294","TXNRD2",0.187
"2295","CST3",0.186
"2296","ERH",0.186
"2297","GOLPH3",0.186
"2298","IREB2",0.186
"2299","SLC25A36",0.186
"2300","SPINT1-AS1",0.186
"2301","SYAP1",0.186
"2302","YIF1A",0.186
"2303","C12orf45",0.185
"2304","C9orf85",0.185
"2305","CCNE1",0.185
"2306","PXMP4",0.185
"2307","ENY2",0.184
"2308","TMEM147",0.184
"2309","TOR1A",0.184
"2310","ZNF581",0.184
"2311","AC107294.2",0.183
"2312","PHLDA1",0.182
"2313","RBM25",0.182
"2314","SORBS1",0.182
"2315","KLF12",0.181
"2316","SULF2",0.181
"2317","AC090897.1",0.18
"2318","FAIM",0.18
"2319","FAM210B",0.18
"2320","NUPR2",0.18
"2321","SOX9",0.18
"2322","TMEM250",0.18
"2323","TRIM52-AS1",0.18
"2324","CDKN2D",0.179
"2325","DCAKD",0.179
"2326","AC010468.1",0.178
"2327","PLEC",0.178
"2328","VPS26A",0.178
"2329","CDS2",0.177
"2330","FGFR1OP2",0.177
"2331","GDI2",0.177
"2332","ID3",0.177
"2333","NOL10",0.177
"2334","BABAM1",0.176
"2335","GTF2H5",0.176
"2336","MFAP5",0.176
"2337","PNN",0.176
"2338","AC044787.1",0.175
"2339","CCDC130",0.175
"2340","CHMP5",0.175
"2341","COMMD1",0.175
"2342","ELF2",0.175
"2343","GATD1",0.175
"2344","NELFE",0.175
"2345","PTPN12",0.175
"2346","SMG7",0.175
"2347","SPINT1",0.175
"2348","TMEM68",0.175
"2349","DNAJC5",0.174
"2350","FZD3",0.174
"2351","LARP4",0.174
"2352","MAP1S",0.174
"2353","PTRH2",0.174
"2354","RNF41",0.174
"2355","SEC23B",0.174
"2356","AP2B1",0.173
"2357","ARPP19",0.173
"2358","GJB2",0.173
"2359","PDCD5",0.173
"2360","ACAN",0.172
"2361","LIPH",0.172
"2362","NAPG",0.172
"2363","NUMB",0.172
"2364","PDLIM4",0.172
"2365","RPL10P9",0.172
"2366","ELF3-AS1",0.171
"2367","MPZL1",0.171
"2368","RCHY1",0.171
"2369","YIPF4",0.171
"2370","AC022431.1",0.17
"2371","CHD1",0.17
"2372","DR1",0.17
"2373","DYNC1I1",0.17
"2374","KIAA1217",0.17
"2375","MAP1LC3B2",0.17
"2376","MKKS",0.17
"2377","SF3B2",0.17
"2378","SPATA33",0.17
"2379","DYNC1I2",0.169
"2380","AAGAB",0.168
"2381","AC008770.1",0.168
"2382","AC010642.2",0.168
"2383","AC064799.1",0.168
"2384","CRIM1",0.168
"2385","EIF3J-AS1",0.168
"2386","HAT1",0.168
"2387","PGM3",0.168
"2388","SEPT10",0.168
"2389","AC099560.2",0.167
"2390","FRG1BP",0.167
"2391","LDOC1",0.167
"2392","MYLK-AS1",0.167
"2393","PRPF40A",0.167
"2394","REXO2",0.167
"2395","SESTD1",0.167
"2396","SLC29A1",0.167
"2397","CD82",0.166
"2398","FRYL",0.166
"2399","ICA1",0.166
"2400","PPFIBP1",0.166
"2401","SGK1",0.166
"2402","SMDT1",0.166
"2403","AZI2",0.165
"2404","C6orf136",0.165
"2405","CTDSP2",0.165
"2406","FAM192A",0.165
"2407","ISCA1",0.165
"2408","LINC00476",0.165
"2409","RTCA",0.165
"2410","SPTY2D1",0.165
"2411","TAOK1",0.165
"2412","TM4SF1-AS1",0.165
"2413","TPGS2",0.165
"2414","DYRK4",0.164
"2415","MCM7",0.164
"2416","MROH1",0.164
"2417","RALGAPB",0.164
"2418","RPP25L",0.164
"2419","SSH2",0.164
"2420","AL450998.1",0.163
"2421","DMAC2",0.163
"2422","FIBP",0.163
"2423","NOP56",0.163
"2424","PAIP1",0.163
"2425","REXO4",0.163
"2426","AC002075.2",0.162
"2427","HLA-DRB5",0.162
"2428","ABHD13",0.161
"2429","PDIA4",0.161
"2430","SMIM30",0.161
"2431","DNAJC8",0.16
"2432","GFOD2",0.16
"2433","RPL9P7",0.16
"2434","AC079250.1",0.159
"2435","C19orf81",0.159
"2436","CDC25B",0.159
"2437","KLF3",0.159
"2438","KLK8",0.159
"2439","NCSTN",0.159
"2440","NUDCD1",0.159
"2441","RPL7P23",0.159
"2442","SGCE",0.159
"2443","SMC2",0.159
"2444","ZNF207",0.159
"2445","AC007906.2",0.158
"2446","COX5A",0.158
"2447","RNU7-49P",0.158
"2448","AC090498.1",0.157
"2449","PPP4R2",0.157
"2450","RPL12P38",0.157
"2451","TMX2",0.157
"2452","TXLNA",0.157
"2453","COL6A1",0.156
"2454","DUS1L",0.156
"2455","LAS1L",0.156
"2456","NDUFB4",0.156
"2457","TBC1D9B",0.156
"2458","BAP1",0.155
"2459","FO393411.1",0.155
"2460","MRPS16",0.155
"2461","MRM2",0.154
"2462","R3HCC1",0.154
"2463","RPA1",0.154
"2464","SCD",0.154
"2465","APTX",0.153
"2466","GAL",0.153
"2467","GNAS",0.153
"2468","RPL21P39",0.153
"2469","KRT7",0.152
"2470","PDZD2",0.152
"2471","AC003002.1",0.151
"2472","MCUR1",0.151
"2473","MRPL13",0.151
"2474","MTCH1",0.151
"2475","APEX1",0.15
"2476","MED13",0.15
"2477","RRAGB",0.15
"2478","ARFGEF1",0.149
"2479","DZIP1",0.149
"2480","GCC2",0.149
"2481","AC008026.1",0.148
"2482","C1orf35",0.148
"2483","CHMP3",0.148
"2484","KHDRBS1",0.148
"2485","LIMS1",0.148
"2486","NR4A2",0.148
"2487","PGRMC1",0.148
"2488","PIN4",0.148
"2489","POLE3",0.148
"2490","RAB5C",0.148
"2491","RAP2A",0.148
"2492","ARID4A",0.146
"2493","BRD2",0.146
"2494","TBC1D15",0.146
"2495","ZNF672",0.146
"2496","AHNAK2",0.145
"2497","CLTC",0.145
"2498","CSNK2A1",0.145
"2499","ETS2",0.145
"2500","GOT1",0.145
"2501","GPBP1",0.145
"2502","HDAC1",0.145
"2503","KDELR2",0.145
"2504","MSI2",0.145
"2505","MTG2",0.145
"2506","PIGBOS1",0.145
"2507","SERPINH1",0.145
"2508","SLC35A3",0.145
"2509","SNHG6",0.145
"2510","SUB1",0.145
"2511","CDC5L",0.144
"2512","INPP1",0.144
"2513","MUC1",0.144
"2514","SLC17A5",0.144
"2515","TIPRL",0.144
"2516","TMEM132A",0.144
"2517","ACOT9",0.143
"2518","EPS15L1",0.143
"2519","GOLT1B",0.143
"2520","NDUFB6",0.143
"2521","RWDD1",0.143
"2522","TIMP2",0.143
"2523","PPIH",0.142
"2524","TXN",0.142
"2525","CIZ1",0.141
"2526","FTO",0.141
"2527","IFI27L2",0.141
"2528","TTC1",0.141
"2529","CHCHD5",0.14
"2530","ELOCP2",0.14
"2531","LINC02055",0.14
"2532","ARFGAP1",0.139
"2533","HLTF",0.139
"2534","POMP",0.139
"2535","PTTG1",0.139
"2536","SYF2",0.139
"2537","DNAJB6",0.138
"2538","MRFAP1L1",0.138
"2539","PSMB8",0.138
"2540","THAP7",0.138
"2541","SART1",0.137
"2542","TECR",0.137
"2543","WASL",0.137
"2544","ZFAND5",0.137
"2545","C7orf26",0.136
"2546","ASCC3",0.135
"2547","NDUFS1",0.135
"2548","SDCCAG8",0.135
"2549","TRA2B",0.135
"2550","CDK16",0.134
"2551","ETFRF1",0.134
"2552","GAPDHP1",0.134
"2553","GHITM",0.134
"2554","JKAMP",0.134
"2555","PATL1",0.134
"2556","SDE2",0.134
"2557","ERP44",0.133
"2558","LSM12",0.133
"2559","MXI1",0.133
"2560","TMEM179B",0.133
"2561","ALG2",0.132
"2562","ATP5L",0.132
"2563","CIB1",0.132
"2564","GCLM",0.132
"2565","LRPAP1",0.132
"2566","TRIM33",0.132
"2567","TTYH3",0.132
"2568","MGME1",0.131
"2569","MKLN1",0.131
"2570","ZNF790",0.131
"2571","AC246787.1",0.129
"2572","ALDH3A2",0.129
"2573","AP2A2",0.129
"2574","ASPSCR1",0.129
"2575","CYB561",0.129
"2576","SLC39A13",0.129
"2577","SLU7",0.129
"2578","VAPB",0.129
"2579","VPS41",0.129
"2580","ZFHX3",0.129
"2581","ARHGAP35",0.128
"2582","ATP6V1A",0.128
"2583","CCZ1B",0.128
"2584","CTNNBL1",0.128
"2585","HEIH",0.128
"2586","HNRNPAB",0.128
"2587","KPNA1",0.128
"2588","PYCR2",0.128
"2589","MRPL39",0.127
"2590","RPL21P11",0.127
"2591","TRAM1",0.127
"2592","PPM1A",0.126
"2593","SKAP2",0.126
"2594","FBXO2",0.125
"2595","FRA10AC1",0.125
"2596","HOXC9",0.125
"2597","MIR222HG",0.125
"2598","MIR99AHG",0.125
"2599","ZC3HAV1L",0.125
"2600","ANKRD11",0.124
"2601","ANKRD26",0.124
"2602","ATM",0.124
"2603","CPNE3",0.124
"2604","SVIL",0.124
"2605","PKP2",0.123
"2606","PTPN11",0.123
"2607","ARHGDIB",0.122
"2608","TM2D3",0.122
"2609","INTS6",0.121
"2610","OAZ2",0.121
"2611","ZNF419",0.121
"2612","ANKRD39",0.12
"2613","C1orf56",0.12
"2614","BOD1",0.119
"2615","MAPKAP1",0.119
"2616","RHOT2",0.119
"2617","DGKH",0.118
"2618","NHLRC3",0.118
"2619","PGRMC2",0.118
"2620","RBM5",0.118
"2621","RSRP1",0.118
"2622","TMEM128",0.118
"2623","ORAOV1",0.117
"2624","PKIG",0.117
"2625","ADGRG1",0.116
"2626","C9orf116",0.116
"2627","CHPT1",0.116
"2628","CXorf40B",0.116
"2629","PANK3",0.116
"2630","POLR2C",0.116
"2631","TSN",0.116
"2632","RRBP1",0.115
"2633","TUBB6",0.115
"2634","GIGYF1",0.114
"2635","GLRX3",0.114
"2636","HIST1H4C",0.114
"2637","MED11",0.114
"2638","SHOC2",0.114
"2639","LAMP2",0.113
"2640","MYO9B",0.113
"2641","PIH1D1",0.113
"2642","PRPS1",0.113
"2643","TXNRD1",0.113
"2644","CFL1",0.112
"2645","FUS",0.112
"2646","MARK2",0.112
"2647","RCN1",0.112
"2648","AHI1",0.111
"2649","CBWD5",0.111
"2650","NOTCH3",0.111
"2651","AL031587.6",0.11
"2652","ATP6V1H",0.11
"2653","GRHPR",0.11
"2654","KCTD20",0.11
"2655","NOA1",0.11
"2656","ZNF148",0.11
"2657","CHD9",0.109
"2658","ATL2",0.108
"2659","HDGF",0.108
"2660","PCNX3",0.108
"2661","PVT1",0.108
"2662","APLP2",0.107
"2663","C2orf82",0.107
"2664","WDR24",0.107
"2665","ATP6V1B2",0.106
"2666","NUB1",0.106
"2667","BET1L",0.105
"2668","BZW2",0.105
"2669","TMEM2",0.105
"2670","RITA1",0.104
"2671","AVL9",0.103
"2672","COMTD1",0.103
"2673","COX5B",0.103
"2674","GCSHP5",0.103
"2675","AC010618.3",0.102
"2676","FAM98C",0.102
"2677","GOLGA7",0.102
"2678","PSMA3-AS1",0.102
"2679","RTF1",0.102
"2680","TXNL4A",0.102
"2681","ZNF480",0.102
"2682","FTH1P2",0.101
"2683","OLA1",0.101
"2684","THUMPD3-AS1",0.101
"2685","VPS37A",0.101
"2686","ACIN1",0.1
"2687","ERV3-1",0.1
"2688","GMDS",0.1
"2689","KDM2A",0.1
"2690","RASIP1",0.1
"2691","TFB2M",0.1
"2692","TMEM14A",0.1
"2693","ANXA4",0.099
"2694","C3orf70",0.099
"2695","LNPK",0.099
"2696","PPCS",0.099
"2697","SRRT",0.099
"2698","WDR20",0.099
"2699","CREB3",0.098
"2700","DDB1",0.098
"2701","FAM96B",0.098
"2702","MAN1B1",0.098
"2703","RPL24P2",0.098
"2704","CFAP20",0.097
"2705","ETV6",0.097
"2706","GNL2",0.097
"2707","NIPSNAP1",0.097
"2708","SDCBP",0.097
"2709","TMX4",0.097
"2710","WASHC5",0.097
"2711","C16orf87",0.096
"2712","CAPZA2",0.096
"2713","AZIN1",0.095
"2714","CNTD2",0.095
"2715","COX6A1P2",0.095
"2716","NDUFAF2",0.095
"2717","RPL37P23",0.095
"2718","SLMAP",0.095
"2719","STAM",0.095
"2720","TNPO3",0.095
"2721","ALOX12-AS1",0.094
"2722","PSMA3",0.094
"2723","STK17A",0.094
"2724","KATNA1",0.093
"2725","RPL12P16",0.093
"2726","NUP98",0.092
"2727","TMEM14B",0.092
"2728","AC092017.1",0.091
"2729","C20orf196",0.091
"2730","SECISBP2L",0.091
"2731","VEGFB",0.091
"2732","BX323845.3",0.09
"2733","EIF3K",0.09
"2734","ITGB3BP",0.09
"2735","KIAA2026",0.09
"2736","RPL10P6",0.09
"2737","SAMD1",0.09
"2738","AC004130.1",0.089
"2739","EEF1B2P3",0.089
"2740","HLA-V",0.089
"2741","SLC44A1",0.089
"2742","KLHDC4",0.088
"2743","STAG3L4",0.088
"2744","TRIOBP",0.088
"2745","AC090114.1",0.087
"2746","CRELD2",0.087
"2747","LAMC2",0.087
"2748","CALU",0.086
"2749","CD63",0.086
"2750","CORO1B",0.086
"2751","HACD3",0.086
"2752","CAPN1",0.085
"2753","KDM6B",0.085
"2754","MRPS26",0.085
"2755","AC016739.1",0.084
"2756","GPALPP1",0.084
"2757","CHCHD6",0.083
"2758","DDRGK1",0.083
"2759","DDX49",0.083
"2760","RCN2",0.083
"2761","TMA16",0.083
"2762","AC020659.1",0.082
"2763","DCUN1D4",0.082
"2764","RAN",0.082
"2765","RCAN3",0.082
"2766","TSPO",0.082
"2767","LMAN1",0.081
"2768","NDUFS6",0.081
"2769","ATXN1L",0.08
"2770","FAHD2B",0.08
"2771","MOB1A",0.08
"2772","TRAPPC1",0.08
"2773","WASF2",0.08
"2774","PPA1",0.079
"2775","ANAPC16",0.078
"2776","AP1B1",0.078
"2777","C11orf1",0.078
"2778","KRTCAP2",0.078
"2779","LINC00116",0.078
"2780","MRPL18",0.078
"2781","MRPL34",0.078
"2782","PDLIM1",0.078
"2783","RP9",0.078
"2784","RUVBL1",0.078
"2785","TECRP1",0.078
"2786","XPOT",0.078
"2787","BIRC6",0.077
"2788","EMC7",0.077
"2789","GPR132",0.077
"2790","HSPE1P2",0.077
"2791","KRT10",0.077
"2792","MPZL2",0.077
"2793","NANS",0.077
"2794","RNPS1",0.077
"2795","SDCBP2",0.077
"2796","TMEM237",0.077
"2797","TMEM57",0.077
"2798","TSFM",0.077
"2799","CDKN2A",0.076
"2800","EIF5",0.076
"2801","PLOD2",0.076
"2802","SOAT1",0.076
"2803","TAOK3",0.076
"2804","AC068888.1",0.075
"2805","GGNBP2",0.075
"2806","OXA1L",0.075
"2807","C6orf48",0.074
"2808","ELP6",0.074
"2809","EXOC1",0.074
"2810","GORASP2",0.074
"2811","TMPRSS13",0.074
"2812","TNFAIP1",0.074
"2813","GOPC",0.073
"2814","MAGI3",0.073
"2815","NXF1",0.073
"2816","SDHB",0.073
"2817","COQ3",0.072
"2818","INO80D",0.072
"2819","PARN",0.072
"2820","RHOD",0.072
"2821","ARNT",0.071
"2822","DNAJB11",0.071
"2823","HMGCL",0.071
"2824","MAFF",0.071
"2825","SGTA",0.071
"2826","AC005912.1",0.07
"2827","AKR1B1",0.07
"2828","CRNDE",0.07
"2829","JOSD2",0.07
"2830","GUK1",0.069
"2831","NFYC",0.069
"2832","TARSL2",0.069
"2833","VASP",0.069
"2834","DHTKD1",0.068
"2835","KDM5C",0.068
"2836","MUC15",0.068
"2837","PRB1",0.068
"2838","TNRC6A",0.068
"2839","ABHD17C",0.067
"2840","KNOP1",0.067
"2841","LUC7L",0.067
"2842","ZNF430",0.067
"2843","ZNF516",0.067
"2844","PHYH",0.066
"2845","TIMM13",0.066
"2846","AC114491.1",0.064
"2847","DDAH2",0.064
"2848","TXNP6",0.064
"2849","AP1M1",0.063
"2850","ATP6V0E1",0.063
"2851","PLK2",0.063
"2852","TCEA1",0.063
"2853","CEP63",0.062
"2854","PRDX3",0.061
"2855","ARID3A",0.06
"2856","LTBP3",0.06
"2857","MARCH6",0.06
"2858","MRPS15",0.06
"2859","PCOLCE2",0.06
"2860","PELO",0.06
"2861","RPL7AP30",0.06
"2862","B3GAT2",0.059
"2863","CHD7",0.059
"2864","HADHA",0.059
"2865","RHOC",0.059
"2866","ATG13",0.058
"2867","HNRNPK",0.058
"2868","RHOQ",0.058
"2869","CCDC137",0.057
"2870","FTH1",0.057
"2871","SFN",0.057
"2872","TWISTNB",0.057
"2873","ATXN7",0.056
"2874","COPS9",0.056
"2875","MLST8",0.056
"2876","ZNF44",0.056
"2877","ZNF638",0.056
"2878","AC106795.1",0.055
"2879","DSC2",0.055
"2880","GLRX2",0.055
"2881","RBM7",0.055
"2882","SERF1B",0.055
"2883","EIF2D",0.054
"2884","KCNK1",0.054
"2885","LEPROTL1",0.054
"2886","H3F3B",0.053
"2887","LPAR2",0.053
"2888","MRPL50",0.053
"2889","SNRPG",0.053
"2890","TINF2",0.053
"2891","TSC22D2",0.053
"2892","ATP5D",0.052
"2893","ESRRG",0.052
"2894","METTL16",0.052
"2895","EIF3M",0.051
"2896","MAT2B",0.051
"2897","MPC2",0.051
"2898","RPS7P1",0.051
"2899","AL118516.1",0.05
"2900","CLDND1",0.05
"2901","SLC25A17",0.05
"2902","SS18",0.05
"2903","ABHD14A",0.049
"2904","LINC01198",0.049
"2905","MGLL",0.049
"2906","SH2D3A",0.049
"2907","ST8SIA1",0.049
"2908","CNFN",0.048
"2909","NPEPPS",0.048
"2910","PSMD8",0.048
"2911","SYNM",0.048
"2912","CMPK1",0.047
"2913","MORF4L1",0.047
"2914","NDUFA3",0.047
"2915","PPHLN1",0.047
"2916","KIAA0040",0.046
"2917","WDR33",0.046
"2918","CEP164",0.045
"2919","RPS29",0.045
"2920","RUFY1",0.045
"2921","CBFA2T2",0.044
"2922","CCDC151",0.044
"2923","KRAS",0.044
"2924","STK3",0.044
"2925","ARL8B",0.043
"2926","CHMP2B",0.043
"2927","ETV3",0.043
"2928","GPKOW",0.043
"2929","HIST1H2BK",0.043
"2930","MT-ND4L",0.043
"2931","NOP2",0.043
"2932","SQLE",0.043
"2933","ATP6V1D",0.042
"2934","CCDC167",0.042
"2935","CNOT6L",0.042
"2936","DHPS",0.042
"2937","DSP",0.042
"2938","KLK14",0.042
"2939","KPNB1",0.042
"2940","LSM2",0.042
"2941","NXT1",0.042
"2942","OFD1",0.042
"2943","POLR2I",0.042
"2944","RGS10",0.042
"2945","SLC25A38",0.042
"2946","YPEL5",0.042
"2947","ZFPL1",0.042
"2948","CALCOCO2",0.041
"2949","ERLEC1",0.041
"2950","GSS",0.041
"2951","SERTAD4",0.041
"2952","TCOF1",0.041
"2953","TSPAN14",0.041
"2954","ATP5E",0.04
"2955","LDLR",0.04
"2956","NADK2",0.04
"2957","PTPA",0.04
"2958","CDK10",0.039
"2959","MAP4K5",0.039
"2960","CAST",0.038
"2961","ECHDC2",0.038
"2962","FAM104A",0.038
"2963","NADSYN1",0.038
"2964","NUDCD2",0.038
"2965","STX12",0.038
"2966","CRTAP",0.037
"2967","ZNF91",0.037
"2968","HDAC2",0.036
"2969","HINT1P1",0.036
"2970","HRH1",0.036
"2971","MCCC1",0.036
"2972","MED14",0.036
"2973","NDEL1",0.036
"2974","PSMA5",0.036
"2975","RBP1",0.036
"2976","RPP40",0.036
"2977","SREBF2",0.036
"2978","TARBP2",0.036
"2979","RPSAP15",0.035
"2980","TMEM167A",0.035
"2981","AP000547.3",0.034
"2982","ARHGEF7",0.034
"2983","HPS1",0.034
"2984","TRMU",0.034
"2985","CYB5B",0.033
"2986","GS1-124K5.4",0.033
"2987","MEX3A",0.033
"2988","MICU2",0.033
"2989","MSANTD3",0.033
"2990","PTCD3",0.033
"2991","TMEM126A",0.033
"2992","TTC19",0.033
"2993","ADGRL1",0.032
"2994","SAP30BP",0.032
"2995","SKP1",0.032
"2996","VPS45",0.032
"2997","C16orf72",0.031
"2998","EID1",0.031
"2999","MZT2B",0.031
"3000","SLC38A10",0.031
"3001","C10orf35",0.03
"3002","C9orf72",0.03
"3003","GAPVD1",0.03
"3004","IGFL1",0.03
"3005","MRPS25",0.03
"3006","TMEM219",0.03
"3007","WSB2",0.03
"3008","KLHL9",0.029
"3009","MIR210HG",0.029
"3010","AC011498.7",0.027
"3011","PRDX5",0.027
"3012","TNFRSF1A",0.027
"3013","AC093157.1",0.026
"3014","DLGAP4",0.026
"3015","SUPT20H",0.026
"3016","ZRANB2",0.026
"3017","CHMP1A",0.025
"3018","CREBRF",0.025
"3019","DDX10",0.025
"3020","EZH2",0.025
"3021","GNPDA1",0.025
"3022","LPP",0.025
"3023","LUZP1",0.025
"3024","SEC16A",0.025
"3025","TBCAP1",0.025
"3026","VSIG10",0.025
"3027","EAF1",0.024
"3028","FARSB",0.024
"3029","H2AFZ",0.024
"3030","MT-ND6",0.024
"3031","PPDPF",0.024
"3032","SURF4",0.024
"3033","B3GAT3",0.023
"3034","CRABP2",0.023
"3035","EIF2S2P4",0.023
"3036","MRPS18C",0.023
"3037","STRBP",0.023
"3038","AL157938.3",0.022
"3039","AL691447.3",0.022
"3040","DYNC1H1",0.022
"3041","EEF2",0.022
"3042","POLR2L",0.022
"3043","RALBP1",0.022
"3044","SLC6A8",0.022
"3045","STT3B",0.022
"3046","TACSTD2",0.022
"3047","TPRXL",0.022
"3048","TSSC4",0.022
"3049","Z98749.2",0.022
"3050","AC025154.2",0.021
"3051","AL031058.1",0.021
"3052","AL136968.2",0.021
"3053","ATP5G1",0.021
"3054","FBL",0.021
"3055","ISYNA1",0.021
"3056","MTURN",0.021
"3057","NDUFA4",0.021
"3058","TEAD1",0.021
"3059","MRPS18B",0.02
"3060","PPP1R15A",0.02
"3061","SIPA1L3",0.02
"3062","AL392172.1",0.019
"3063","ATP5J2",0.019
"3064","ETS1",0.019
"3065","HNRNPA3",0.019
"3066","LINC02482",0.019
"3067","MCRIP2",0.019
"3068","MRPL11",0.019
"3069","ZNHIT6",0.019
"3070","AC034102.1",0.018
"3071","CAMTA1",0.018
"3072","DPH3",0.018
"3073","EIF3F",0.018
"3074","MRPL49",0.018
"3075","NAA20",0.018
"3076","TMEM187",0.018
"3077","AL355338.1",0.017
"3078","ALAS1",0.017
"3079","ANGPTL4",0.017
"3080","GIGYF2",0.017
"3081","GLYR1",0.017
"3082","IRF2BP2",0.017
"3083","SMS",0.017
"3084","SNAPIN",0.017
"3085","XPO1",0.017
"3086","ASCC2",0.016
"3087","BOD1L1",0.016
"3088","CDC42SE2",0.016
"3089","COA1",0.016
"3090","COMMD6",0.016
"3091","CYCS",0.016
"3092","EN1",0.016
"3093","FBXL5",0.016
"3094","GOLGA5",0.016
"3095","GPX8",0.016
"3096","KANSL1",0.016
"3097","KHSRP",0.016
"3098","LINC01534",0.016
"3099","MGST3",0.016
"3100","NDUFAF3",0.016
"3101","PLPP5",0.016
"3102","RAB18",0.016
"3103","SMC1A",0.016
"3104","TBC1D23",0.016
"3105","TFG",0.016
"3106","ZNF791",0.016
"3107","AC087190.1",0.015
"3108","ARL5B",0.015
"3109","DSTN",0.015
"3110","LYPD3",0.015
"3111","SRSF4",0.015
"3112","YWHAG",0.015
"3113","ZC3H18",0.015
"3114","ZDHHC20",0.015
"3115","ZNF790-AS1",0.015
"3116","AC131206.1",0.014
"3117","AP001324.1",0.014
"3118","ARMCX3",0.014
"3119","DDX41",0.014
"3120","DPYSL2",0.014
"3121","FBXW11",0.014
"3122","FOXQ1",0.014
"3123","GPI",0.014
"3124","KIAA1551",0.014
"3125","LINC00667",0.014
"3126","MTAP",0.014
"3127","NELFB",0.014
"3128","ORMDL1",0.014
"3129","PCF11",0.014
"3130","PRRC2C",0.014
"3131","RARS",0.014
"3132","RBM42",0.014
"3133","RNF181",0.014
"3134","RNMT",0.014
"3135","RPL26L1",0.014
"3136","SNRNP35",0.014
"3137","SPEN",0.014
"3138","SSBP1",0.014
"3139","SSR1",0.014
"3140","STK4",0.014
"3141","VKORC1",0.014
"3142","WDR13",0.014
"3143","WSB1",0.014
"3144","ZBTB20",0.014
"3145","ZDHHC9",0.014
"3146","ZFR",0.014
"3147","AKR1C2",0.013
"3148","ARCN1",0.013
"3149","ARHGAP5",0.013
"3150","EBPL",0.013
"3151","MACF1",0.013
"3152","PMEPA1",0.013
"3153","SCAF11",0.013
"3154","ZDHHC21",0.013
"3155","ARPC3",0.012
"3156","C21orf91",0.012
"3157","ENO2",0.012
"3158","FKBP4",0.012
"3159","RNF121",0.012
"3160","SNRNP70",0.012
"3161","TOPBP1",0.012
"3162","YBX1P2",0.012
"3163","AATF",0.011
"3164","CYP2R1",0.011
"3165","GOLGA8A",0.011
"3166","HDLBP",0.011
"3167","KNSTRN",0.011
"3168","MBNL2",0.011
"3169","PRR4",0.011
"3170","SCAMP1",0.011
"3171","TMOD3",0.011
"3172","TTF1",0.011
"3173","WASF3",0.011
"3174","AC016831.5",0.01
"3175","ATP5O",0.01
"3176","C9orf40",0.01
"3177","CASC10",0.01
"3178","CTNNBIP1",0.01
"3179","DNAJC30",0.01
"3180","ERO1A",0.01
"3181","KDM3B",0.01
"3182","MED10",0.01
"3183","NBR2",0.01
"3184","NDFIP2",0.01
"3185","NECAP2",0.01
"3186","PPP2CA",0.01
"3187","RPL21",0.01
"3188","RWDD4",0.01
"3189","SGPL1",0.01
"3190","ZNF674-AS1",0.01
"3191","C1orf43",0.009
"3192","CEP104",0.009
"3193","FASTK",0.009
"3194","FTH1P8",0.009
"3195","LOXL2",0.009
"3196","LRP10",0.009
"3197","MRPL32",0.009
"3198","R3HDM1",0.009
"3199","RGP1",0.009
"3200","SEC22C",0.009
"3201","ATP5C1",0.008
"3202","ATP6V1F",0.008
"3203","C9orf3",0.008
"3204","FBXO33",0.008
"3205","HSP90B1",0.008
"3206","MYL9",0.008
"3207","NAT9",0.008
"3208","PRKD3",0.008
"3209","PSMD13",0.008
"3210","SAMD12",0.008
"3211","SLC39A6",0.008
"3212","VPS54",0.008
"3213","ZNF226",0.008
"3214","APMAP",0.007
"3215","B4GALT4",0.007
"3216","CES2",0.007
"3217","EID2B",0.007
"3218","GADD45A",0.007
"3219","IQCG",0.007
"3220","MARS",0.007
"3221","NME1",0.007
"3222","PNO1",0.007
"3223","RARS2",0.007
"3224","RRP8",0.007
"3225","SETD7",0.007
"3226","SH2D4A",0.007
"3227","SMIM7",0.007
"3228","STARD3NL",0.007
"3229","XRN2",0.007
"3230","AC023157.3",0.006
"3231","AC116533.1",0.006
"3232","C9orf78",0.006
"3233","CYHR1",0.006
"3234","DTNB",0.006
"3235","EBLN3P",0.006
"3236","EIF3I",0.006
"3237","HNRNPA1",0.006
"3238","NAA38",0.006
"3239","NIPA2",0.006
"3240","RALB",0.006
"3241","SORBS2",0.006
"3242","SS18L2",0.006
"3243","AL139289.2",0.005
"3244","BUD31",0.005
"3245","COL4A2",0.005
"3246","ETV2",0.005
"3247","FAM173A",0.005
"3248","FBXL3",0.005
"3249","GALK1",0.005
"3250","MAX",0.005
"3251","NDUFB5",0.005
"3252","PCID2",0.005
"3253","PPARGC1A",0.005
"3254","RAB25",0.005
"3255","RASAL2",0.005
"3256","RPS19BP1",0.005
"3257","SAFB2",0.005
"3258","SMUG1",0.005
"3259","SYNGR2",0.005
"3260","TOMM34",0.005
"3261","YWHAQ",0.005
"3262","ZBTB10",0.005
"3263","BAZ2A",0.004
"3264","CMAS",0.004
"3265","DDX23",0.004
"3266","DPCD",0.004
"3267","GLI4",0.004
"3268","HAGHL",0.004
"3269","ILK",0.004
"3270","MACROD1",0.004
"3271","SAT2",0.004
"3272","STRAP",0.004
"3273","ZNF699",0.004
"3274","AC025181.2",0.003
"3275","API5",0.003
"3276","APOPT1",0.003
"3277","CA3-AS1",0.003
"3278","COG3",0.003
"3279","DPP7",0.003
"3280","GPR157",0.003
"3281","GRB2",0.003
"3282","MED15",0.003
"3283","MIA3",0.003
"3284","MYL6",0.003
"3285","MZF1",0.003
"3286","PFDN6",0.003
"3287","PHF20L1",0.003
"3288","RAB40B",0.003
"3289","TBC1D16",0.003
"3290","TWF1",0.003
"3291","YME1L1",0.003
"3292","AC020898.1",0.002
"3293","AC078883.2",0.002
"3294","ACBD5",0.002
"3295","ACP6",0.002
"3296","ALDH18A1",0.002
"3297","BAZ2B",0.002
"3298","CMTM4",0.002
"3299","CNIH4",0.002
"3300","CRYZL1",0.002
"3301","DNTTIP2",0.002
"3302","DYNC1LI2",0.002
"3303","EIF1AXP1",0.002
"3304","FDCSP",0.002
"3305","FIBIN",0.002
"3306","FKBP8",0.002
"3307","FOSB",0.002
"3308","GLOD4",0.002
"3309","GSTO1",0.002
"3310","HCCS",0.002
"3311","HINT1",0.002
"3312","HPF1",0.002
"3313","ITGA6",0.002
"3314","MRPS17",0.002
"3315","MVD",0.002
"3316","NDUFV1",0.002
"3317","NMRK1",0.002
"3318","NUBPL",0.002
"3319","SLC1A5",0.002
"3320","SLC35F2",0.002
"3321","SUZ12P1",0.002
"3322","TMBIM6",0.002
"3323","AC127070.1",0.001
"3324","AL590094.1",0.001
"3325","AP1S1",0.001
"3326","ARL13B",0.001
"3327","ARRDC1-AS1",0.001
"3328","BTBD7",0.001
"3329","C5orf24",0.001
"3330","CALM2",0.001
"3331","CFL2",0.001
"3332","COX7A2",0.001
"3333","DERL3",0.001
"3334","DNM2",0.001
"3335","ENTPD3-AS1",0.001
"3336","HDGFL3",0.001
"3337","IPMK",0.001
"3338","IPO9",0.001
"3339","KIAA0355",0.001
"3340","MAP7D3",0.001
"3341","METTL21A",0.001
"3342","NDUFB9",0.001
"3343","NME7",0.001
"3344","NPM1",0.001
"3345","NPRL3",0.001
"3346","NUDT14",0.001
"3347","OLMALINC",0.001
"3348","PFKL",0.001
"3349","PLBD1",0.001
"3350","PLTP",0.001
"3351","PPP1R2",0.001
"3352","PRR14L",0.001
"3353","QTRT1",0.001
"3354","RPL12P4",0.001
"3355","RPL22",0.001
"3356","RWDD4P2",0.001
"3357","S100A16",0.001
"3358","S100A6",0.001
"3359","SEC62",0.001
"3360","SELENOW",0.001
"3361","SMIM26",0.001
"3362","SOX6",0.001
"3363","TEAD4",0.001
"3364","TMEM176A",0.001
"3365","TMEM267",0.001
"3366","TMEM8B",0.001
"3367","TMX1",0.001
"3368","ZFAND6",0.001
"3369","ZFP36",0.001
"3370","ZFP91",0.001
